3037 5311
0	1	0
1	1	1
2	2	0
3	2	2
4	2	1
5	0	0
6	0	0
7	0	2
8	1	0
9	2	2
10	1	0
11	0	1
12	0	1
13	2	2
14	0	0
15	0	0
16	0	0
17	2	0
18	0	0
19	1	1
20	0	1
21	1	0
22	0	2
23	1	2
24	0	0
25	1	0
26	0	0
27	2	0
28	0	1
29	1	2
30	2	2
31	1	2
32	1	1
33	2	2
34	1	1
35	2	0
36	2	2
37	0	1
38	1	1
39	2	2
40	2	2
41	0	2
42	0	1
43	0	1
44	0	1
45	2	1
46	1	0
47	0	1
48	0	2
49	0	2
50	1	0
51	1	1
52	2	0
53	1	0
54	1	0
55	2	0
56	0	2
57	2	0
58	1	0
59	0	2
60	1	2
61	0	0
62	1	0
63	0	1
64	2	2
65	2	0
66	2	0
67	2	0
68	1	0
69	2	2
70	0	0
71	1	1
72	0	2
73	1	1
74	1	0
75	1	0
76	1	1
77	1	2
78	2	0
79	1	0
80	0	1
81	1	2
82	2	0
83	0	1
84	1	1
85	1	0
86	0	0
87	0	0
88	2	1
89	2	1
90	2	0
91	2	2
92	2	2
93	0	0
94	1	0
95	1	0
96	1	0
97	2	1
98	0	0
99	2	0
100	2	1
101	2	0
102	1	1
103	1	2
104	1	1
105	0	2
106	2	0
107	0	2
108	0	2
109	0	0
110	2	0
111	2	1
112	0	2
113	0	1
114	2	0
115	2	1
116	1	2
117	0	2
118	2	0
119	0	1
120	1	1
121	2	0
122	2	2
123	1	2
124	0	2
125	0	2
126	2	2
127	2	1
128	0	1
129	2	2
130	0	1
131	1	2
132	2	2
133	2	0
134	2	2
135	1	1
136	0	2
137	1	1
138	0	2
139	1	2
140	2	2
141	0	2
142	0	2
143	2	0
144	1	2
145	2	0
146	2	1
147	2	2
148	0	0
149	2	2
150	2	0
151	2	1
152	2	0
153	2	0
154	2	0
155	0	0
156	0	0
157	0	2
158	0	1
159	1	0
160	1	0
161	1	1
162	0	2
163	2	1
164	1	1
165	2	1
166	1	2
167	0	0
168	2	2
169	0	2
170	0	2
171	2	1
172	0	0
173	0	2
174	1	0
175	0	2
176	0	0
177	1	2
178	0	1
179	0	2
180	1	1
181	2	2
182	1	0
183	1	1
184	1	2
185	0	0
186	1	1
187	0	1
188	2	2
189	0	0
190	1	1
191	2	2
192	0	2
193	0	2
194	1	2
195	2	2
196	0	1
197	2	2
198	0	1
199	1	2
200	1	2
201	2	0
202	2	2
203	2	0
204	2	0
205	1	2
206	1	1
207	0	0
208	0	2
209	1	2
210	2	2
211	0	1
212	2	0
213	2	1
214	0	0
215	2	1
216	2	0
217	2	0
218	1	0
219	1	2
220	2	2
221	0	0
222	0	0
223	0	0
224	1	2
225	2	0
226	2	1
227	0	1
228	1	0
229	0	1
230	1	2
231	1	0
232	1	0
233	2	2
234	1	1
235	0	2
236	1	0
237	0	1
238	0	2
239	0	2
240	0	1
241	2	1
242	1	1
243	2	0
244	1	2
245	0	1
246	0	1
247	0	1
248	1	2
249	2	1
250	0	0
251	1	0
252	1	2
253	1	2
254	0	2
255	2	2
256	1	0
257	0	0
258	2	2
259	1	1
260	1	0
261	2	1
262	0	2
263	2	1
264	0	0
265	1	2
266	1	2
267	1	1
268	1	0
269	2	1
270	0	0
271	2	1
272	1	2
273	0	1
274	1	2
275	1	2
276	2	0
277	1	1
278	0	0
279	1	2
280	2	1
281	0	0
282	1	2
283	1	0
284	0	0
285	0	1
286	1	1
287	2	2
288	0	2
289	0	2
290	2	0
291	2	2
292	1	1
293	2	1
294	0	1
295	2	0
296	2	1
297	1	0
298	2	1
299	2	2
300	1	2
301	2	2
302	2	0
303	0	2
304	1	2
305	1	0
306	2	2
307	2	0
308	0	1
309	1	0
310	2	0
311	2	1
312	0	2
313	1	2
314	1	2
315	1	2
316	1	0
317	0	2
318	2	2
319	0	2
320	0	0
321	0	2
322	1	2
323	0	2
324	1	0
325	0	2
326	1	0
327	1	0
328	2	2
329	1	2
330	0	1
331	2	0
332	0	2
333	0	1
334	2	0
335	0	0
336	2	0
337	2	2
338	0	0
339	2	2
340	0	0
341	2	1
342	0	2
343	0	0
344	2	0
345	1	2
346	1	0
347	0	0
348	2	2
349	0	1
350	0	2
351	2	2
352	1	0
353	1	1
354	0	1
355	2	0
356	0	1
357	0	0
358	1	0
359	1	1
360	0	0
361	0	2
362	2	1
363	0	0
364	0	1
365	0	2
366	1	1
367	1	1
368	1	1
369	2	2
370	1	0
371	2	1
372	2	1
373	1	2
374	0	2
375	0	2
376	0	2
377	0	2
378	1	1
379	0	1
380	2	2
381	2	0
382	1	1
383	1	0
384	2	1
385	0	2
386	0	0
387	1	2
388	2	1
389	1	1
390	1	1
391	0	2
392	0	0
393	1	2
394	1	0
395	0	2
396	2	2
397	1	2
398	2	0
399	2	0
400	0	0
401	0	1
402	2	1
403	1	2
404	1	2
405	2	1
406	2	1
407	2	0
408	2	1
409	1	1
410	0	1
411	2	1
412	2	2
413	2	2
414	2	2
415	1	1
416	2	2
417	0	1
418	1	0
419	1	2
420	1	2
421	1	1
422	2	2
423	2	2
424	1	1
425	0	1
426	1	0
427	1	1
428	0	2
429	1	0
430	0	0
431	2	0
432	1	2
433	1	1
434	1	2
435	0	2
436	0	2
437	0	2
438	1	2
439	1	2
440	2	2
441	2	2
442	2	2
443	1	0
444	0	2
445	2	1
446	2	0
447	2	0
448	1	1
449	1	1
450	2	2
451	2	2
452	1	0
453	0	0
454	2	0
455	0	0
456	2	1
457	1	1
458	2	2
459	1	0
460	1	1
461	1	0
462	2	2
463	2	2
464	1	2
465	2	2
466	2	2
467	1	0
468	1	2
469	0	0
470	1	0
471	1	2
472	0	2
473	1	1
474	2	0
475	2	2
476	2	0
477	2	0
478	0	2
479	0	1
480	0	2
481	1	2
482	1	0
483	2	0
484	1	1
485	2	2
486	1	1
487	1	0
488	2	2
489	2	0
490	2	1
491	0	0
492	0	1
493	0	0
494	2	1
495	0	1
496	2	1
497	0	0
498	2	1
499	0	2
500	2	2
501	0	2
502	1	1
503	2	1
504	0	1
505	0	2
506	0	1
507	1	0
508	1	2
509	2	2
510	0	1
511	1	2
512	1	2
513	0	0
514	0	2
515	2	0
516	2	1
517	1	0
518	1	0
519	2	0
520	2	1
521	2	1
522	0	1
523	1	1
524	0	0
525	0	2
526	0	2
527	1	2
528	1	0
529	0	1
530	0	0
531	0	0
532	2	0
533	0	0
534	2	2
535	0	0
536	0	0
537	2	0
538	2	0
539	2	0
540	1	0
541	2	0
542	0	1
543	0	2
544	2	0
545	0	0
546	2	1
547	2	0
548	0	1
549	0	2
550	0	2
551	1	1
552	2	1
553	0	2
554	0	0
555	1	1
556	1	2
557	1	1
558	0	1
559	1	2
560	2	1
561	0	0
562	0	1
563	1	0
564	1	2
565	2	0
566	0	0
567	1	0
568	0	1
569	1	2
570	2	0
571	2	2
572	0	0
573	1	2
574	2	0
575	2	1
576	2	1
577	0	2
578	1	0
579	2	1
580	2	2
581	2	0
582	0	1
583	2	0
584	1	2
585	2	1
586	2	0
587	2	1
588	1	0
589	1	2
590	0	0
591	1	2
592	1	1
593	2	2
594	2	1
595	0	0
596	0	1
597	1	2
598	0	0
599	0	1
600	2	1
601	2	0
602	0	2
603	2	0
604	2	0
605	0	0
606	2	0
607	1	1
608	1	2
609	2	2
610	2	0
611	2	0
612	0	0
613	2	0
614	1	2
615	2	1
616	1	0
617	2	2
618	0	1
619	2	1
620	1	0
621	1	0
622	0	0
623	2	0
624	2	0
625	1	0
626	2	2
627	0	0
628	0	2
629	2	1
630	0	1
631	0	0
632	1	1
633	0	0
634	2	0
635	1	1
636	1	0
637	1	0
638	2	0
639	1	0
640	0	1
641	2	2
642	1	2
643	2	1
644	2	0
645	1	2
646	2	0
647	1	0
648	0	1
649	0	2
650	1	0
651	2	1
652	0	1
653	2	0
654	0	0
655	1	2
656	0	2
657	1	1
658	0	1
659	2	1
660	1	0
661	0	2
662	0	0
663	0	1
664	1	0
665	2	1
666	2	1
667	1	2
668	2	2
669	0	0
670	1	2
671	0	2
672	0	1
673	0	1
674	1	0
675	2	2
676	0	1
677	1	2
678	2	0
679	2	0
680	2	2
681	0	0
682	2	0
683	2	1
684	0	0
685	2	2
686	2	1
687	1	2
688	0	1
689	1	2
690	1	1
691	1	1
692	2	0
693	2	2
694	0	0
695	0	1
696	0	1
697	0	0
698	0	1
699	1	0
700	0	2
701	2	0
702	0	2
703	1	1
704	0	2
705	0	0
706	1	1
707	0	0
708	1	1
709	2	2
710	2	0
711	1	1
712	0	2
713	0	2
714	2	0
715	0	1
716	0	2
717	2	1
718	2	0
719	1	0
720	0	0
721	2	0
722	2	1
723	0	0
724	1	2
725	1	0
726	0	1
727	2	0
728	0	0
729	0	2
730	2	1
731	2	0
732	1	0
733	1	2
734	0	2
735	0	2
736	1	1
737	2	2
738	1	0
739	0	0
740	1	2
741	1	0
742	1	2
743	0	0
744	1	0
745	1	1
746	1	1
747	2	2
748	1	0
749	2	0
750	2	1
751	0	0
752	1	2
753	0	1
754	0	2
755	1	2
756	1	0
757	1	1
758	1	0
759	2	2
760	0	1
761	1	2
762	0	0
763	2	0
764	2	2
765	1	1
766	1	0
767	1	0
768	2	2
769	0	1
770	2	0
771	1	1
772	2	0
773	2	1
774	2	2
775	2	0
776	1	1
777	1	0
778	1	1
779	0	0
780	2	1
781	0	1
782	2	2
783	2	1
784	2	0
785	0	2
786	2	1
787	1	0
788	1	0
789	0	1
790	0	1
791	1	2
792	0	2
793	2	0
794	1	0
795	2	1
796	2	1
797	0	0
798	1	2
799	2	1
800	0	1
801	1	1
802	2	0
803	2	0
804	1	0
805	0	2
806	1	0
807	0	2
808	0	2
809	1	1
810	1	2
811	0	1
812	1	1
813	0	2
814	1	2
815	1	2
816	1	0
817	2	2
818	1	1
819	1	0
820	0	0
821	1	0
822	0	1
823	1	1
824	2	1
825	2	0
826	2	2
827	2	0
828	0	1
829	2	1
830	1	0
831	0	2
832	1	1
833	1	2
834	2	2
835	0	0
836	0	2
837	1	1
838	1	2
839	2	1
840	1	0
841	2	2
842	0	2
843	0	1
844	1	0
845	2	0
846	1	2
847	1	1
848	2	0
849	2	2
850	0	1
851	1	2
852	0	1
853	2	1
854	2	2
855	0	2
856	1	2
857	0	0
858	1	1
859	0	0
860	2	2
861	0	2
862	2	2
863	1	1
864	0	0
865	2	0
866	1	0
867	1	0
868	0	2
869	2	2
870	1	0
871	1	2
872	1	1
873	2	1
874	0	0
875	0	1
876	0	1
877	1	0
878	0	2
879	2	0
880	2	1
881	2	1
882	0	1
883	2	0
884	2	0
885	0	0
886	1	1
887	2	1
888	0	1
889	0	1
890	2	1
891	2	0
892	0	0
893	0	0
894	2	2
895	2	0
896	0	2
897	1	1
898	1	1
899	0	0
900	2	0
901	2	0
902	1	1
903	0	2
904	2	1
905	2	2
906	2	0
907	2	0
908	1	1
909	2	1
910	0	0
911	0	0
912	2	1
913	2	0
914	2	1
915	2	0
916	1	2
917	0	1
918	0	2
919	0	0
920	0	0
921	2	1
922	1	0
923	2	0
924	2	1
925	1	2
926	1	0
927	0	1
928	1	2
929	1	1
930	0	0
931	2	2
932	0	2
933	1	2
934	2	0
935	0	1
936	1	1
937	1	0
938	0	0
939	2	0
940	2	0
941	2	0
942	0	1
943	0	2
944	2	0
945	1	1
946	1	2
947	0	2
948	0	0
949	0	1
950	2	2
951	2	2
952	0	0
953	0	1
954	2	1
955	1	0
956	1	1
957	2	0
958	0	1
959	1	1
960	1	0
961	1	2
962	1	0
963	0	1
964	2	1
965	0	2
966	2	2
967	2	0
968	0	1
969	1	2
970	0	1
971	0	1
972	0	1
973	0	1
974	2	0
975	2	2
976	1	2
977	1	0
978	1	1
979	1	0
980	1	0
981	2	2
982	0	1
983	0	1
984	0	2
985	1	0
986	0	2
987	0	0
988	1	1
989	2	0
990	2	0
991	0	2
992	2	1
993	1	0
994	1	0
995	1	2
996	1	0
997	1	2
998	0	2
999	1	0
1000	2	2
1001	0	0
1002	0	1
1003	0	1
1004	1	0
1005	1	0
1006	0	0
1007	2	1
1008	2	1
1009	2	0
1010	2	2
1011	2	1
1012	2	0
1013	2	0
1014	0	2
1015	0	0
1016	0	0
1017	1	1
1018	0	0
1019	2	0
1020	2	0
1021	1	0
1022	2	0
1023	2	1
1024	0	0
1025	2	2
1026	1	2
1027	1	1
1028	2	1
1029	1	1
1030	2	1
1031	2	2
1032	0	0
1033	1	1
1034	0	1
1035	1	1
1036	1	2
1037	1	0
1038	0	1
1039	0	2
1040	1	2
1041	0	0
1042	1	2
1043	0	0
1044	0	1
1045	2	2
1046	0	0
1047	1	0
1048	2	2
1049	0	2
1050	1	1
1051	1	2
1052	0	2
1053	2	0
1054	0	0
1055	2	0
1056	1	2
1057	0	1
1058	1	2
1059	2	1
1060	1	2
1061	2	0
1062	0	0
1063	2	2
1064	1	2
1065	1	0
1066	2	2
1067	2	1
1068	2	2
1069	0	2
1070	0	1
1071	2	1
1072	0	2
1073	1	2
1074	2	2
1075	0	1
1076	2	2
1077	2	2
1078	0	2
1079	2	2
1080	2	0
1081	2	2
1082	1	2
1083	0	2
1084	0	2
1085	0	0
1086	0	0
1087	0	1
1088	1	2
1089	1	1
1090	1	0
1091	1	0
1092	1	2
1093	2	1
1094	0	2
1095	0	2
1096	1	1
1097	2	1
1098	2	0
1099	1	2
1100	2	2
1101	2	2
1102	1	2
1103	0	2
1104	2	2
1105	2	1
1106	0	2
1107	2	2
1108	1	0
1109	1	1
1110	1	0
1111	2	0
1112	2	1
1113	2	1
1114	1	1
1115	2	0
1116	1	1
1117	1	0
1118	1	2
1119	2	0
1120	0	1
1121	1	1
1122	0	1
1123	2	0
1124	1	0
1125	2	2
1126	1	1
1127	0	1
1128	2	0
1129	0	0
1130	2	2
1131	0	1
1132	2	0
1133	1	0
1134	1	0
1135	1	2
1136	1	1
1137	0	0
1138	1	2
1139	0	2
1140	1	0
1141	1	0
1142	1	2
1143	0	2
1144	0	1
1145	2	1
1146	2	1
1147	0	0
1148	0	2
1149	1	1
1150	2	0
1151	2	1
1152	2	2
1153	1	2
1154	1	0
1155	1	2
1156	0	0
1157	0	1
1158	0	0
1159	1	2
1160	0	1
1161	2	1
1162	2	2
1163	1	0
1164	2	2
1165	2	2
1166	1	0
1167	2	2
1168	1	0
1169	0	1
1170	0	2
1171	2	1
1172	1	2
1173	0	0
1174	0	1
1175	0	2
1176	2	2
1177	2	1
1178	2	0
1179	0	2
1180	1	2
1181	0	1
1182	2	1
1183	0	0
1184	2	0
1185	0	0
1186	0	0
1187	2	1
1188	2	1
1189	1	2
1190	2	1
1191	0	2
1192	2	2
1193	2	0
1194	0	1
1195	0	0
1196	0	2
1197	2	1
1198	1	2
1199	0	1
1200	0	0
1201	2	1
1202	2	2
1203	2	1
1204	1	2
1205	2	2
1206	1	1
1207	2	1
1208	1	0
1209	2	0
1210	1	0
1211	0	2
1212	1	2
1213	1	2
1214	2	1
1215	0	1
1216	0	1
1217	0	2
1218	0	1
1219	0	1
1220	1	0
1221	1	1
1222	2	1
1223	1	2
1224	2	0
1225	1	2
1226	0	1
1227	1	1
1228	0	0
1229	0	1
1230	1	1
1231	1	1
1232	2	0
1233	0	0
1234	0	2
1235	0	0
1236	0	0
1237	0	1
1238	1	1
1239	2	2
1240	2	1
1241	1	1
1242	0	0
1243	1	0
1244	2	2
1245	1	1
1246	0	0
1247	1	2
1248	1	0
1249	1	0
1250	0	1
1251	0	0
1252	0	0
1253	0	0
1254	2	1
1255	0	2
1256	2	2
1257	1	2
1258	0	0
1259	0	1
1260	1	1
1261	1	1
1262	2	0
1263	1	1
1264	0	1
1265	1	0
1266	0	2
1267	1	1
1268	1	1
1269	2	0
1270	0	0
1271	1	2
1272	1	0
1273	0	2
1274	1	1
1275	1	2
1276	2	1
1277	2	1
1278	1	1
1279	1	1
1280	0	2
1281	1	1
1282	1	2
1283	2	1
1284	0	2
1285	2	0
1286	1	0
1287	2	1
1288	1	1
1289	1	1
1290	2	0
1291	0	2
1292	1	1
1293	0	1
1294	2	0
1295	2	1
1296	0	2
1297	2	2
1298	1	1
1299	2	2
1300	1	1
1301	2	1
1302	0	2
1303	1	0
1304	1	1
1305	1	0
1306	2	0
1307	1	1
1308	2	2
1309	2	1
1310	1	1
1311	1	2
1312	2	2
1313	1	0
1314	1	1
1315	2	1
1316	0	1
1317	0	1
1318	1	2
1319	2	2
1320	1	2
1321	2	1
1322	1	2
1323	1	2
1324	2	0
1325	0	1
1326	1	1
1327	2	2
1328	1	2
1329	1	0
1330	0	1
1331	0	2
1332	1	1
1333	1	2
1334	1	0
1335	1	2
1336	2	0
1337	2	2
1338	0	2
1339	1	1
1340	2	0
1341	0	0
1342	2	0
1343	2	1
1344	0	2
1345	2	2
1346	2	2
1347	2	0
1348	2	2
1349	1	1
1350	2	2
1351	0	2
1352	0	0
1353	1	2
1354	2	1
1355	1	0
1356	2	1
1357	1	2
1358	0	0
1359	1	0
1360	1	0
1361	2	2
1362	2	2
1363	0	0
1364	1	0
1365	1	1
1366	2	2
1367	2	2
1368	1	0
1369	1	0
1370	0	0
1371	2	0
1372	2	2
1373	1	1
1374	2	0
1375	0	2
1376	1	1
1377	1	2
1378	2	2
1379	2	2
1380	2	0
1381	0	1
1382	0	2
1383	2	2
1384	1	1
1385	1	2
1386	2	1
1387	2	0
1388	2	2
1389	0	1
1390	2	1
1391	1	0
1392	0	2
1393	0	2
1394	0	0
1395	1	1
1396	2	0
1397	0	0
1398	2	2
1399	1	0
1400	1	1
1401	0	2
1402	0	0
1403	0	1
1404	1	1
1405	2	0
1406	0	1
1407	0	2
1408	0	2
1409	2	0
1410	2	1
1411	1	2
1412	2	2
1413	1	2
1414	1	2
1415	1	0
1416	1	1
1417	0	2
1418	1	1
1419	2	0
1420	2	1
1421	0	1
1422	1	0
1423	0	2
1424	0	2
1425	0	1
1426	2	2
1427	0	2
1428	1	0
1429	1	2
1430	0	2
1431	1	2
1432	0	0
1433	0	0
1434	1	1
1435	2	1
1436	0	2
1437	2	2
1438	1	1
1439	0	0
1440	0	0
1441	2	0
1442	2	0
1443	2	2
1444	2	0
1445	2	0
1446	2	2
1447	1	2
1448	0	2
1449	0	1
1450	0	1
1451	2	1
1452	1	1
1453	2	0
1454	1	2
1455	2	2
1456	1	2
1457	0	1
1458	0	0
1459	2	1
1460	1	2
1461	2	2
1462	2	1
1463	0	0
1464	2	1
1465	0	0
1466	2	1
1467	1	2
1468	1	2
1469	0	1
1470	2	2
1471	1	0
1472	1	1
1473	2	2
1474	2	0
1475	1	2
1476	1	1
1477	0	1
1478	0	2
1479	2	1
1480	0	1
1481	1	0
1482	1	1
1483	0	2
1484	2	0
1485	0	0
1486	2	2
1487	1	2
1488	1	0
1489	1	1
1490	2	2
1491	2	0
1492	2	0
1493	2	0
1494	2	1
1495	1	2
1496	2	2
1497	1	2
1498	1	2
1499	1	0
1500	0	0
1501	1	0
1502	0	2
1503	0	2
1504	2	1
1505	2	0
1506	0	0
1507	0	0
1508	2	2
1509	1	1
1510	0	2
1511	1	0
1512	0	2
1513	2	0
1514	0	1
1515	2	0
1516	0	0
1517	0	0
1518	0	2
1519	1	2
1520	1	2
1521	0	1
1522	1	2
1523	0	0
1524	1	1
1525	0	1
1526	2	2
1527	0	2
1528	2	2
1529	1	0
1530	0	2
1531	2	0
1532	0	0
1533	0	2
1534	0	0
1535	0	1
1536	1	1
1537	1	1
1538	1	1
1539	2	2
1540	1	1
1541	2	1
1542	0	2
1543	1	2
1544	0	2
1545	0	2
1546	1	0
1547	0	1
1548	1	1
1549	2	0
1550	2	1
1551	2	2
1552	2	0
1553	1	2
1554	0	2
1555	1	2
1556	2	0
1557	0	0
1558	2	2
1559	2	2
1560	2	2
1561	0	0
1562	1	2
1563	2	1
1564	2	0
1565	2	1
1566	2	1
1567	2	0
1568	0	1
1569	0	2
1570	0	0
1571	1	2
1572	2	1
1573	0	2
1574	2	1
1575	2	0
1576	0	0
1577	0	1
1578	2	2
1579	0	0
1580	1	1
1581	0	0
1582	1	2
1583	1	1
1584	1	2
1585	1	0
1586	1	1
1587	1	0
1588	2	2
1589	0	0
1590	0	1
1591	0	1
1592	1	1
1593	2	0
1594	0	0
1595	0	0
1596	1	1
1597	2	1
1598	0	1
1599	2	0
1600	2	1
1601	0	2
1602	1	2
1603	2	2
1604	1	2
1605	2	1
1606	2	0
1607	2	0
1608	2	1
1609	2	0
1610	1	0
1611	2	1
1612	1	1
1613	1	1
1614	1	2
1615	1	0
1616	1	2
1617	2	0
1618	0	0
1619	2	0
1620	2	2
1621	2	2
1622	0	2
1623	2	0
1624	2	2
1625	0	2
1626	2	2
1627	1	1
1628	2	1
1629	0	0
1630	2	1
1631	0	1
1632	2	2
1633	0	2
1634	0	1
1635	2	0
1636	0	0
1637	2	0
1638	1	0
1639	1	0
1640	2	1
1641	2	0
1642	2	0
1643	1	0
1644	2	2
1645	2	1
1646	1	1
1647	1	1
1648	0	0
1649	0	1
1650	0	2
1651	1	2
1652	1	1
1653	0	0
1654	0	2
1655	2	2
1656	2	1
1657	2	2
1658	0	1
1659	0	2
1660	0	0
1661	1	1
1662	0	1
1663	1	2
1664	0	1
1665	2	0
1666	0	0
1667	1	1
1668	0	1
1669	2	2
1670	0	2
1671	2	0
1672	1	0
1673	1	2
1674	2	1
1675	2	1
1676	2	1
1677	1	1
1678	1	1
1679	1	1
1680	2	1
1681	2	0
1682	1	1
1683	0	0
1684	0	0
1685	2	0
1686	2	1
1687	1	1
1688	0	2
1689	2	1
1690	0	1
1691	0	2
1692	1	2
1693	0	0
1694	2	2
1695	1	1
1696	1	0
1697	1	2
1698	0	0
1699	0	2
1700	2	1
1701	0	0
1702	2	1
1703	2	2
1704	1	2
1705	1	1
1706	1	2
1707	1	1
1708	2	1
1709	0	0
1710	2	2
1711	0	1
1712	2	2
1713	0	2
1714	0	1
1715	0	0
1716	2	0
1717	2	2
1718	2	0
1719	2	2
1720	2	0
1721	1	1
1722	2	1
1723	0	2
1724	0	1
1725	2	2
1726	0	1
1727	0	1
1728	1	2
1729	1	1
1730	0	0
1731	1	0
1732	2	0
1733	1	1
1734	0	1
1735	2	0
1736	0	2
1737	1	1
1738	0	1
1739	2	1
1740	1	2
1741	1	0
1742	0	0
1743	1	2
1744	0	2
1745	0	1
1746	2	1
1747	0	0
1748	1	2
1749	2	2
1750	2	0
1751	1	2
1752	1	0
1753	0	0
1754	2	2
1755	2	0
1756	0	2
1757	0	1
1758	0	0
1759	2	1
1760	1	1
1761	0	2
1762	1	0
1763	0	0
1764	2	0
1765	2	2
1766	1	2
1767	0	1
1768	2	2
1769	2	2
1770	1	1
1771	1	2
1772	1	0
1773	0	1
1774	2	1
1775	0	2
1776	1	1
1777	1	1
1778	1	2
1779	1	0
1780	0	1
1781	2	1
1782	0	0
1783	1	2
1784	0	0
1785	1	1
1786	2	0
1787	2	0
1788	0	1
1789	2	0
1790	1	0
1791	2	0
1792	0	0
1793	2	2
1794	1	0
1795	1	0
1796	1	0
1797	1	2
1798	0	0
1799	0	2
1800	1	0
1801	0	1
1802	0	0
1803	2	0
1804	2	0
1805	2	2
1806	0	1
1807	1	0
1808	2	2
1809	0	2
1810	1	1
1811	2	1
1812	0	1
1813	0	0
1814	2	2
1815	1	0
1816	0	0
1817	2	1
1818	1	0
1819	0	0
1820	1	0
1821	2	1
1822	0	1
1823	2	2
1824	2	1
1825	0	0
1826	2	1
1827	0	0
1828	0	0
1829	0	0
1830	0	1
1831	1	2
1832	0	1
1833	0	1
1834	2	2
1835	1	0
1836	2	0
1837	2	0
1838	1	2
1839	0	0
1840	2	1
1841	1	1
1842	2	0
1843	0	1
1844	1	0
1845	2	1
1846	1	0
1847	0	0
1848	1	2
1849	2	1
1850	1	0
1851	1	1
1852	2	1
1853	0	0
1854	0	1
1855	2	2
1856	1	1
1857	0	2
1858	2	0
1859	2	2
1860	1	1
1861	1	1
1862	2	2
1863	0	0
1864	1	1
1865	1	2
1866	2	2
1867	2	2
1868	0	1
1869	0	0
1870	0	0
1871	0	0
1872	0	2
1873	2	0
1874	2	1
1875	2	2
1876	2	2
1877	0	0
1878	2	1
1879	2	0
1880	1	1
1881	2	0
1882	1	2
1883	0	0
1884	2	1
1885	1	1
1886	2	0
1887	1	1
1888	0	1
1889	0	0
1890	0	2
1891	2	0
1892	0	1
1893	1	1
1894	1	0
1895	0	2
1896	1	0
1897	0	1
1898	1	0
1899	2	1
1900	0	2
1901	0	1
1902	0	2
1903	0	0
1904	2	2
1905	0	1
1906	2	1
1907	0	0
1908	1	0
1909	0	0
1910	0	0
1911	0	0
1912	0	2
1913	1	0
1914	1	1
1915	2	1
1916	0	2
1917	2	1
1918	1	0
1919	2	2
1920	2	1
1921	2	1
1922	1	1
1923	0	1
1924	1	1
1925	1	2
1926	1	1
1927	0	0
1928	0	0
1929	0	0
1930	0	1
1931	2	1
1932	0	2
1933	1	1
1934	2	0
1935	0	2
1936	0	0
1937	1	2
1938	0	0
1939	0	2
1940	0	2
1941	1	0
1942	2	2
1943	2	0
1944	1	1
1945	2	2
1946	1	0
1947	1	2
1948	0	2
1949	2	0
1950	1	2
1951	0	1
1952	2	0
1953	0	2
1954	2	1
1955	1	2
1956	2	2
1957	2	0
1958	0	2
1959	2	0
1960	0	1
1961	1	2
1962	0	1
1963	2	2
1964	0	1
1965	2	2
1966	2	0
1967	0	2
1968	0	2
1969	1	2
1970	2	2
1971	1	0
1972	1	0
1973	1	0
1974	0	1
1975	1	1
1976	2	0
1977	2	2
1978	2	2
1979	1	2
1980	1	1
1981	0	1
1982	0	2
1983	1	2
1984	1	0
1985	0	0
1986	0	1
1987	2	2
1988	2	2
1989	0	2
1990	0	2
1991	2	2
1992	0	0
1993	2	2
1994	0	2
1995	1	1
1996	1	1
1997	0	2
1998	2	1
1999	1	1
2000	0	1
2001	2	1
2002	1	0
2003	1	2
2004	1	1
2005	1	0
2006	2	2
2007	0	1
2008	1	1
2009	1	2
2010	2	0
2011	0	0
2012	0	1
2013	1	1
2014	1	2
2015	2	2
2016	0	2
2017	0	2
2018	1	0
2019	1	2
2020	1	1
2021	1	0
2022	0	0
2023	2	1
2024	2	2
2025	2	0
2026	2	0
2027	1	0
2028	1	2
2029	0	2
2030	1	1
2031	1	0
2032	0	2
2033	0	1
2034	1	1
2035	0	1
2036	0	1
2037	0	1
2038	1	0
2039	2	1
2040	2	1
2041	0	2
2042	1	0
2043	2	2
2044	2	2
2045	2	0
2046	2	1
2047	0	2
2048	0	0
2049	1	2
2050	0	2
2051	0	2
2052	2	0
2053	0	0
2054	2	0
2055	0	1
2056	2	2
2057	2	0
2058	0	2
2059	0	0
2060	2	1
2061	1	2
2062	0	2
2063	1	1
2064	1	1
2065	0	2
2066	0	2
2067	0	1
2068	1	0
2069	0	0
2070	0	2
2071	2	2
2072	1	2
2073	0	1
2074	1	2
2075	0	1
2076	0	1
2077	1	2
2078	0	1
2079	0	1
2080	0	1
2081	2	2
2082	0	1
2083	1	1
2084	2	0
2085	1	1
2086	2	0
2087	1	1
2088	0	0
2089	0	2
2090	0	2
2091	1	1
2092	1	2
2093	0	0
2094	2	1
2095	0	2
2096	0	0
2097	1	2
2098	2	0
2099	2	0
2100	1	2
2101	2	2
2102	1	2
2103	0	0
2104	2	1
2105	1	1
2106	0	1
2107	0	2
2108	1	0
2109	1	0
2110	0	1
2111	1	2
2112	1	2
2113	0	0
2114	0	1
2115	2	1
2116	0	2
2117	2	1
2118	1	0
2119	1	0
2120	0	2
2121	0	1
2122	1	1
2123	0	0
2124	0	0
2125	0	1
2126	0	0
2127	0	0
2128	2	0
2129	1	1
2130	1	0
2131	1	0
2132	1	2
2133	2	2
2134	2	0
2135	2	0
2136	2	2
2137	0	1
2138	0	0
2139	1	1
2140	0	0
2141	2	2
2142	1	1
2143	0	0
2144	1	1
2145	2	1
2146	2	0
2147	0	1
2148	1	0
2149	2	1
2150	1	1
2151	1	2
2152	2	1
2153	0	1
2154	1	0
2155	2	0
2156	1	0
2157	1	2
2158	0	2
2159	2	2
2160	1	2
2161	2	2
2162	0	1
2163	0	0
2164	1	1
2165	1	0
2166	1	2
2167	1	0
2168	0	0
2169	1	0
2170	0	0
2171	2	0
2172	0	1
2173	0	1
2174	1	2
2175	0	2
2176	0	2
2177	1	1
2178	2	1
2179	2	0
2180	2	2
2181	2	0
2182	1	1
2183	1	1
2184	0	0
2185	1	2
2186	0	0
2187	0	1
2188	0	0
2189	0	0
2190	1	2
2191	1	2
2192	1	1
2193	0	2
2194	0	1
2195	0	2
2196	1	0
2197	0	1
2198	2	0
2199	2	1
2200	0	0
2201	1	2
2202	0	0
2203	2	1
2204	2	2
2205	0	1
2206	2	0
2207	0	0
2208	2	0
2209	2	0
2210	1	0
2211	2	2
2212	2	0
2213	2	2
2214	1	1
2215	1	0
2216	2	2
2217	1	1
2218	1	2
2219	2	1
2220	2	0
2221	0	0
2222	1	0
2223	2	0
2224	1	1
2225	1	1
2226	1	0
2227	1	0
2228	1	0
2229	1	1
2230	2	0
2231	1	2
2232	0	1
2233	1	0
2234	0	2
2235	1	0
2236	2	2
2237	1	0
2238	0	1
2239	0	2
2240	0	0
2241	2	2
2242	0	2
2243	2	1
2244	1	1
2245	2	2
2246	2	0
2247	0	1
2248	1	1
2249	1	1
2250	2	0
2251	0	0
2252	1	2
2253	2	0
2254	2	0
2255	2	2
2256	2	2
2257	2	1
2258	1	2
2259	1	0
2260	2	1
2261	0	1
2262	2	0
2263	0	0
2264	0	2
2265	2	1
2266	2	1
2267	0	0
2268	1	0
2269	0	2
2270	2	1
2271	1	2
2272	0	1
2273	1	1
2274	1	1
2275	1	1
2276	0	2
2277	1	0
2278	2	0
2279	2	2
2280	1	0
2281	0	2
2282	1	2
2283	0	0
2284	2	1
2285	2	2
2286	2	1
2287	0	2
2288	1	1
2289	1	0
2290	1	2
2291	1	1
2292	1	1
2293	1	0
2294	2	0
2295	0	0
2296	1	2
2297	2	1
2298	2	1
2299	0	1
2300	2	2
2301	1	1
2302	0	0
2303	2	2
2304	1	0
2305	2	2
2306	0	0
2307	2	0
2308	0	2
2309	1	1
2310	1	2
2311	1	0
2312	0	2
2313	0	1
2314	2	0
2315	2	0
2316	1	2
2317	1	1
2318	0	1
2319	2	0
2320	2	2
2321	1	1
2322	2	1
2323	0	2
2324	0	0
2325	0	0
2326	1	0
2327	2	0
2328	2	0
2329	1	1
2330	0	2
2331	2	2
2332	0	1
2333	0	1
2334	2	0
2335	0	0
2336	1	0
2337	1	2
2338	0	2
2339	1	2
2340	0	1
2341	2	2
2342	0	2
2343	2	2
2344	1	2
2345	2	0
2346	0	2
2347	2	0
2348	2	2
2349	0	1
2350	0	2
2351	1	1
2352	2	0
2353	0	1
2354	2	1
2355	2	2
2356	2	0
2357	1	2
2358	1	2
2359	0	0
2360	1	0
2361	2	1
2362	1	0
2363	1	0
2364	2	0
2365	1	2
2366	0	1
2367	1	0
2368	2	2
2369	0	1
2370	2	1
2371	2	1
2372	1	1
2373	1	0
2374	2	0
2375	2	2
2376	2	0
2377	0	2
2378	1	0
2379	0	1
2380	2	1
2381	1	0
2382	1	1
2383	2	2
2384	1	0
2385	1	2
2386	2	1
2387	0	1
2388	2	0
2389	2	0
2390	2	2
2391	2	2
2392	0	1
2393	2	1
2394	0	2
2395	2	1
2396	0	2
2397	1	0
2398	1	2
2399	0	2
2400	2	0
2401	1	1
2402	2	2
2403	0	1
2404	2	2
2405	2	1
2406	0	0
2407	2	0
2408	0	1
2409	1	1
2410	1	1
2411	2	1
2412	2	2
2413	0	1
2414	1	1
2415	1	0
2416	1	2
2417	2	0
2418	0	2
2419	1	2
2420	2	2
2421	1	0
2422	0	2
2423	0	2
2424	1	0
2425	1	1
2426	0	0
2427	0	2
2428	2	0
2429	2	0
2430	1	0
2431	1	1
2432	0	0
2433	1	1
2434	1	1
2435	1	2
2436	1	0
2437	0	2
2438	0	1
2439	0	1
2440	1	2
2441	0	1
2442	0	0
2443	2	1
2444	2	0
2445	0	1
2446	1	1
2447	1	0
2448	2	0
2449	0	1
2450	1	2
2451	2	0
2452	0	0
2453	1	1
2454	1	1
2455	0	2
2456	1	2
2457	1	1
2458	2	1
2459	1	0
2460	0	0
2461	0	0
2462	1	1
2463	2	2
2464	0	2
2465	2	0
2466	1	2
2467	0	2
2468	2	0
2469	1	1
2470	0	1
2471	0	0
2472	1	0
2473	0	2
2474	0	0
2475	0	1
2476	1	1
2477	2	0
2478	0	1
2479	0	0
2480	0	1
2481	1	2
2482	1	2
2483	0	1
2484	1	2
2485	2	0
2486	1	0
2487	1	0
2488	0	2
2489	0	2
2490	0	1
2491	0	1
2492	2	0
2493	1	1
2494	0	2
2495	0	2
2496	1	1
2497	0	1
2498	1	1
2499	1	0
2500	1	2
2501	1	1
2502	0	1
2503	0	1
2504	0	2
2505	2	1
2506	2	2
2507	1	0
2508	0	1
2509	2	2
2510	2	2
2511	1	1
2512	1	1
2513	1	2
2514	0	2
2515	0	0
2516	0	1
2517	0	1
2518	1	2
2519	2	2
2520	1	0
2521	1	2
2522	2	0
2523	0	2
2524	1	1
2525	0	2
2526	0	0
2527	2	0
2528	1	1
2529	0	1
2530	0	2
2531	1	2
2532	2	2
2533	1	0
2534	2	0
2535	2	2
2536	1	0
2537	1	1
2538	1	1
2539	1	2
2540	0	0
2541	0	1
2542	1	1
2543	2	0
2544	1	0
2545	0	1
2546	1	2
2547	0	0
2548	0	1
2549	1	2
2550	0	1
2551	0	2
2552	0	0
2553	0	2
2554	1	1
2555	2	2
2556	0	1
2557	1	0
2558	2	2
2559	2	2
2560	2	0
2561	2	2
2562	0	1
2563	2	0
2564	2	1
2565	1	1
2566	0	2
2567	0	2
2568	1	0
2569	1	0
2570	1	2
2571	1	1
2572	2	2
2573	0	0
2574	0	2
2575	2	0
2576	2	1
2577	0	0
2578	0	0
2579	0	0
2580	1	2
2581	0	0
2582	2	1
2583	0	0
2584	1	1
2585	1	1
2586	2	1
2587	1	0
2588	1	0
2589	2	2
2590	1	1
2591	0	1
2592	2	0
2593	0	1
2594	1	0
2595	0	0
2596	1	0
2597	2	1
2598	1	2
2599	1	2
2600	1	0
2601	1	2
2602	0	2
2603	1	0
2604	0	1
2605	0	2
2606	1	2
2607	0	0
2608	1	2
2609	0	1
2610	1	2
2611	1	2
2612	2	2
2613	2	2
2614	1	1
2615	1	1
2616	0	2
2617	1	1
2618	2	2
2619	2	2
2620	0	0
2621	0	2
2622	1	2
2623	2	1
2624	0	2
2625	2	1
2626	1	2
2627	0	0
2628	0	0
2629	1	0
2630	0	0
2631	1	1
2632	2	1
2633	0	0
2634	2	0
2635	1	0
2636	1	2
2637	1	2
2638	2	0
2639	0	0
2640	0	0
2641	0	0
2642	0	0
2643	2	2
2644	1	1
2645	1	2
2646	0	2
2647	2	2
2648	2	0
2649	2	1
2650	1	0
2651	2	2
2652	2	0
2653	1	1
2654	2	0
2655	2	0
2656	2	2
2657	1	2
2658	2	1
2659	0	1
2660	1	0
2661	0	0
2662	2	0
2663	0	2
2664	1	2
2665	0	2
2666	0	2
2667	1	1
2668	1	1
2669	2	1
2670	1	2
2671	2	0
2672	1	2
2673	1	0
2674	2	0
2675	0	1
2676	2	1
2677	2	1
2678	2	2
2679	1	0
2680	1	1
2681	0	2
2682	1	2
2683	2	2
2684	0	0
2685	2	2
2686	1	0
2687	1	1
2688	2	1
2689	2	0
2690	0	1
2691	0	0
2692	0	2
2693	1	1
2694	1	0
2695	1	2
2696	2	2
2697	0	2
2698	2	2
2699	0	1
2700	1	1
2701	2	2
2702	2	0
2703	1	1
2704	2	1
2705	1	1
2706	1	1
2707	2	0
2708	1	1
2709	1	0
2710	2	0
2711	2	1
2712	2	2
2713	2	1
2714	2	1
2715	2	0
2716	1	1
2717	0	0
2718	0	0
2719	1	2
2720	1	2
2721	0	0
2722	1	0
2723	0	0
2724	1	0
2725	1	0
2726	1	1
2727	2	1
2728	1	2
2729	0	1
2730	1	2
2731	0	1
2732	0	2
2733	0	0
2734	2	2
2735	2	1
2736	1	2
2737	0	1
2738	1	2
2739	2	2
2740	2	1
2741	1	2
2742	2	1
2743	1	2
2744	1	1
2745	0	0
2746	1	1
2747	2	1
2748	0	0
2749	0	0
2750	0	2
2751	0	0
2752	2	1
2753	2	2
2754	2	2
2755	2	0
2756	0	1
2757	0	0
2758	1	1
2759	0	0
2760	2	2
2761	2	0
2762	0	0
2763	1	2
2764	0	2
2765	2	0
2766	1	1
2767	1	1
2768	1	1
2769	1	1
2770	2	1
2771	0	1
2772	2	2
2773	1	0
2774	2	0
2775	2	2
2776	1	1
2777	2	2
2778	2	1
2779	2	1
2780	2	0
2781	0	0
2782	1	2
2783	1	2
2784	1	1
2785	2	2
2786	0	0
2787	0	1
2788	0	2
2789	1	1
2790	2	1
2791	1	0
2792	2	0
2793	0	0
2794	0	2
2795	2	1
2796	2	2
2797	0	0
2798	2	2
2799	1	0
2800	2	1
2801	1	2
2802	0	1
2803	0	2
2804	0	1
2805	2	2
2806	1	2
2807	0	1
2808	1	2
2809	1	1
2810	2	2
2811	2	1
2812	0	2
2813	2	2
2814	1	1
2815	1	0
2816	1	0
2817	0	2
2818	1	0
2819	2	2
2820	1	0
2821	0	2
2822	2	0
2823	1	0
2824	0	1
2825	0	0
2826	1	2
2827	1	2
2828	1	2
2829	1	2
2830	1	0
2831	1	1
2832	2	2
2833	2	2
2834	2	1
2835	0	0
2836	2	2
2837	2	1
2838	2	2
2839	2	2
2840	2	2
2841	2	2
2842	1	1
2843	0	1
2844	0	2
2845	1	0
2846	2	0
2847	2	1
2848	2	0
2849	1	0
2850	1	1
2851	0	1
2852	2	0
2853	2	2
2854	1	1
2855	2	0
2856	2	2
2857	2	2
2858	2	2
2859	1	1
2860	2	2
2861	2	0
2862	0	2
2863	0	1
2864	0	2
2865	1	1
2866	2	1
2867	2	1
2868	1	1
2869	2	1
2870	0	1
2871	2	2
2872	1	1
2873	1	1
2874	1	0
2875	2	1
2876	1	1
2877	0	2
2878	2	1
2879	1	2
2880	0	1
2881	1	1
2882	1	2
2883	2	2
2884	2	2
2885	1	1
2886	1	1
2887	2	0
2888	2	2
2889	0	0
2890	2	2
2891	0	1
2892	0	1
2893	0	1
2894	0	1
2895	2	2
2896	0	1
2897	2	0
2898	2	2
2899	2	1
2900	1	2
2901	1	0
2902	1	2
2903	2	2
2904	2	1
2905	0	1
2906	2	0
2907	1	0
2908	2	1
2909	2	1
2910	0	1
2911	0	0
2912	1	0
2913	0	2
2914	1	2
2915	0	0
2916	2	1
2917	0	1
2918	2	2
2919	0	1
2920	1	0
2921	2	2
2922	1	0
2923	1	2
2924	0	1
2925	0	2
2926	2	0
2927	2	2
2928	1	1
2929	1	0
2930	2	0
2931	0	1
2932	2	0
2933	0	2
2934	0	1
2935	1	1
2936	1	0
2937	0	0
2938	0	1
2939	2	0
2940	0	2
2941	2	0
2942	0	0
2943	0	0
2944	0	2
2945	1	0
2946	1	0
2947	0	1
2948	2	2
2949	1	0
2950	0	1
2951	2	1
2952	2	0
2953	2	2
2954	0	1
2955	1	2
2956	0	0
2957	0	2
2958	0	1
2959	2	1
2960	2	1
2961	0	0
2962	1	0
2963	2	2
2964	2	1
2965	1	1
2966	0	1
2967	2	0
2968	0	2
2969	0	1
2970	2	2
2971	0	0
2972	1	2
2973	0	1
2974	0	0
2975	2	1
2976	0	2
2977	1	2
2978	0	2
2979	0	0
2980	1	2
2981	2	1
2982	2	1
2983	0	2
2984	1	1
2985	2	0
2986	0	2
2987	2	2
2988	1	0
2989	1	0
2990	2	1
2991	2	1
2992	0	1
2993	0	1
2994	2	0
2995	2	1
2996	1	1
2997	0	2
2998	0	1
2999	2	1
3000	2	0
3001	0	0
3002	0	1
3003	1	0
3004	1	0
3005	1	1
3006	0	0
3007	0	0
3008	2	2
3009	0	2
3010	0	2
3011	1	1
3012	2	2
3013	2	1
3014	2	2
3015	2	0
3016	1	2
3017	0	2
3018	2	1
3019	2	0
3020	1	0
3021	1	0
3022	2	0
3023	1	1
3024	0	0
3025	0	1
3026	0	2
3027	2	0
3028	2	2
3029	2	2
3030	0	0
3031	2	0
3032	2	1
3033	1	0
3034	2	0
3035	0	1
3036	2	2
0	1	1
0	2	1
0	3	2
0	5	1
0	6	1
0	7	2
0	8	0
0	9	2
0	10	0
0	14	1
0	19	1
0	20	1
0	25	0
0	26	1
0	27	1
0	30	2
0	32	1
0	36	2
0	38	1
0	40	2
0	41	2
0	44	1
0	45	1
0	49	2
0	58	0
0	65	1
0	66	1
0	69	2
0	71	1
0	75	0
0	76	1
0	77	2
0	81	2
0	85	0
0	88	1
0	97	1
0	106	1
0	108	2
0	117	2
0	119	1
0	139	2
0	140	2
0	141	2
0	145	1
0	149	2
0	153	1
0	157	2
0	161	1
0	163	1
0	166	2
0	170	2
0	173	2
0	175	2
0	178	1
0	180	1
0	182	0
0	185	1
0	192	2
0	198	1
0	202	2
0	208	2
0	212	1
0	214	1
0	220	2
0	224	2
0	227	1
0	232	0
0	234	1
0	235	2
0	237	1
0	240	1
0	243	1
0	246	1
0	253	2
0	263	1
0	264	1
0	269	1
0	270	1
0	276	1
0	278	1
0	281	1
0	282	2
0	302	1
0	308	1
0	312	2
0	315	2
0	321	2
0	334	1
0	336	1
0	343	1
0	344	1
0	347	1
0	348	2
0	350	2
0	352	0
0	362	1
0	369	2
0	370	0
0	381	1
0	382	1
0	388	1
0	394	0
0	401	1
0	413	2
0	414	2
0	426	0
0	431	1
0	438	2
0	440	2
0	444	2
0	451	2
0	458	2
0	462	2
0	463	2
0	465	2
0	469	1
0	472	2
0	474	1
0	479	1
0	482	0
0	500	2
0	502	1
0	503	1
0	504	1
0	505	2
0	511	2
0	515	1
0	518	0
0	539	1
0	547	1
0	550	2
0	557	1
0	559	2
0	562	1
0	568	1
0	569	2
0	571	2
0	580	2
0	581	1
0	583	1
0	584	2
0	585	1
0	588	0
0	591	2
0	592	1
0	594	1
0	595	1
0	607	1
0	611	1
0	621	0
0	622	1
0	626	2
0	642	2
0	645	2
0	649	2
0	653	1
0	654	1
0	656	2
0	718	1
0	719	0
0	720	1
0	726	1
0	739	1
0	758	0
0	759	2
0	761	2
0	778	1
0	782	2
0	783	1
0	788	0
0	789	1
0	794	0
0	797	1
0	799	1
0	801	1
0	802	1
0	806	0
0	813	2
0	816	0
0	821	0
0	827	1
0	835	1
0	841	2
0	851	2
0	860	2
0	862	2
0	870	0
0	872	1
0	881	1
0	884	1
0	886	1
0	890	1
0	896	2
0	901	1
0	921	1
0	924	1
0	926	0
0	950	2
0	951	2
0	955	0
0	957	1
0	960	0
0	977	0
0	984	2
0	985	0
0	987	1
0	993	0
0	994	0
0	998	2
0	1002	1
0	1006	1
0	1007	1
0	1012	1
0	1022	1
0	1029	1
0	1040	2
0	1049	2
0	1051	2
0	1053	1
0	1058	2
0	1063	2
0	1065	0
0	1071	1
0	1080	1
0	1098	1
0	1103	2
0	1110	0
0	1111	1
0	1119	1
0	1121	1
0	1127	1
0	1130	2
0	1134	0
0	1139	2
0	1140	0
0	1144	1
0	1162	2
0	1164	2
0	1181	1
0	1188	1
0	1190	1
0	1192	2
0	1196	2
0	1212	2
0	1213	2
0	1235	1
0	1251	1
0	1268	1
0	1270	1
0	1277	1
0	1291	2
0	1293	1
0	1300	1
0	1304	1
0	1309	1
0	1318	2
0	1324	1
0	1331	2
0	1336	1
0	1339	1
0	1341	1
0	1343	1
0	1359	0
0	1366	2
0	1372	2
0	1373	1
0	1374	1
0	1392	2
0	1406	1
0	1409	1
0	1412	2
0	1414	2
0	1419	1
0	1420	1
0	1424	2
0	1437	2
0	1442	1
0	1443	2
0	1448	2
0	1451	1
0	1457	1
0	1463	1
0	1473	2
0	1478	2
0	1479	1
0	1480	1
0	1483	2
0	1484	1
0	1485	1
0	1486	2
0	1489	1
0	1490	2
0	1494	1
0	1505	1
0	1506	1
0	1514	1
0	1517	1
0	1525	1
0	1530	2
0	1531	1
0	1544	2
0	1548	1
0	1550	1
0	1551	2
0	1573	2
0	1574	1
0	1588	2
0	1589	1
0	1602	2
0	1611	1
0	1626	2
0	1642	1
0	1643	0
0	1680	1
0	1682	1
0	1690	1
0	1700	1
0	1708	1
0	1714	1
0	1716	1
0	1724	1
0	1732	1
0	1739	1
0	1762	0
0	1766	2
0	1770	1
0	1778	2
0	1786	1
0	1792	1
0	1800	0
0	1816	1
0	1820	0
0	1825	1
0	1840	1
0	1844	0
0	1846	0
0	1851	1
0	1868	1
0	1872	2
0	1879	1
0	1887	1
0	1913	0
0	1923	1
0	1924	1
0	1930	1
0	1932	2
0	1935	2
0	1961	2
0	1969	2
0	1981	1
0	1992	1
0	2005	0
0	2008	1
0	2015	2
0	2018	0
0	2021	0
0	2026	1
0	2030	1
0	2038	0
0	2039	1
0	2048	1
0	2050	2
0	2052	1
0	2057	1
0	2076	1
0	2081	2
0	2086	1
0	2094	1
0	2097	2
0	2100	2
0	2102	2
0	2103	1
0	2111	2
0	2139	1
0	2148	0
0	2162	1
0	2172	1
0	2179	1
0	2194	1
0	2195	2
0	2213	2
0	2217	1
0	2220	1
0	2223	1
0	2227	0
0	2235	0
0	2238	1
0	2246	1
0	2247	1
0	2271	2
0	2287	2
0	2290	2
0	2298	1
0	2299	1
0	2303	2
0	2311	0
0	2314	1
0	2330	2
0	2342	2
0	2345	1
0	2349	1
0	2354	1
0	2357	2
0	2368	2
0	2374	1
0	2378	0
0	2381	0
0	2382	1
0	2384	0
0	2390	2
0	2398	2
0	2404	2
0	2412	2
0	2418	2
0	2425	1
0	2452	1
0	2456	2
0	2458	1
0	2465	1
0	2473	2
0	2476	1
0	2483	1
0	2485	1
0	2495	2
0	2498	1
0	2504	2
0	2511	1
0	2515	1
0	2522	1
0	2527	1
0	2533	0
0	2536	0
0	2548	1
0	2554	1
0	2558	2
0	2566	2
0	2570	2
0	2577	1
0	2584	1
0	2586	1
0	2601	2
0	2605	2
0	2611	2
0	2614	1
0	2616	2
0	2621	2
0	2625	1
0	2641	1
0	2660	0
0	2677	1
0	2689	1
0	2697	2
0	2699	1
0	2702	1
0	2705	1
0	2718	1
0	2719	2
0	2723	1
0	2728	2
0	2729	1
0	2730	2
0	2732	2
0	2754	2
0	2760	2
0	2768	1
0	2782	2
0	2786	1
0	2809	1
0	2820	0
0	2823	0
0	2829	2
0	2830	0
0	2836	2
0	2837	1
0	2855	1
0	2857	2
0	2860	2
0	2863	1
0	2884	2
0	2890	2
0	2891	1
0	2892	1
0	2896	1
0	2902	2
0	2903	2
0	2910	1
0	2920	0
0	2935	1
0	2937	1
0	2940	2
0	2948	2
0	2951	1
0	2960	1
0	2963	2
0	2964	1
0	2965	1
0	2969	1
0	2975	1
0	2982	1
0	3000	1
0	3001	1
0	3009	2
0	3021	0
0	3028	2
0	3030	1
0	3034	1
0	491	1
0	1902	2
0	31	2
0	2004	1
0	152	1
0	358	0
0	2229	1
0	37	1
0	2293	0
0	1512	2
0	366	1
0	2088	1
0	961	2
0	15	1
0	1310	1
0	780	1
0	200	2
0	2510	2
0	177	2
0	1561	1
0	320	1
0	1691	2
0	2432	1
0	1009	1
0	1787	1
0	2493	1
0	2528	1
0	1203	1
0	111	1
0	1735	1
0	279	2
0	1120	1
0	57	1
0	610	1
0	21	0
0	2497	1
0	1194	1
0	2509	2
0	260	0
0	1297	2
0	392	1
0	2559	2
0	865	1
0	2064	1
0	327	0
0	1432	1
0	425	1
0	1156	1
0	1348	2
0	1403	1
0	2245	2
0	209	2
0	94	0
0	47	1
0	2185	2
0	1011	1
0	1744	2
0	1245	1
0	2152	1
0	1596	1
0	73	1
0	1669	2
0	1684	1
0	247	1
0	1783	2
0	2478	1
0	2002	0
0	1279	1
0	56	2
0	391	2
0	1377	2
0	590	1
0	724	2
0	2698	2
0	13	2
0	439	2
0	1645	1
0	769	1
0	956	1
0	80	1
0	1014	2
0	829	1
0	23	2
0	478	2
0	1461	2
0	2429	1
0	2370	1
0	711	1
0	1462	1
0	1875	2
0	2175	2
0	640	1
0	92	2
0	1633	2
0	39	2
0	34	1
0	2500	2
0	160	0
0	1081	2
0	1344	2
0	1386	1
0	22	2
0	2622	2
0	1668	1
0	496	1
0	1070	1
0	2259	0
0	1927	1
0	2639	1
0	1013	1
0	2178	1
0	754	2
0	2477	1
0	1707	1
0	410	1
0	694	1
0	919	1
0	828	1
0	507	0
0	436	2
0	422	2
0	144	2
0	2176	2
0	429	0
0	932	2
0	295	1
0	35	1
0	2424	0
0	840	0
0	2419	2
0	2569	0
0	16	1
0	2579	1
0	1655	2
0	1607	1
0	1398	2
0	991	2
0	1972	0
0	493	1
0	1182	1
0	1429	2
0	795	1
0	2089	2
0	2218	2
0	1168	0
0	2113	1
0	1306	1
0	1513	1
0	599	1
0	900	1
0	854	2
0	83	1
0	1736	2
0	624	1
0	2645	2
0	1219	1
0	2335	1
0	659	1
0	1635	1
0	1824	1
0	1143	2
0	2011	1
0	1907	1
0	1619	1
0	2137	1
0	1333	2
0	2436	0
0	1281	1
0	746	1
0	1524	1
0	651	1
0	1753	1
0	1116	1
0	2143	1
0	2576	1
0	1599	1
0	17	1
0	1545	2
0	2585	1
1	11	1
1	15	1
1	16	1
1	29	1
1	31	1
1	34	0
1	39	1
1	42	1
1	54	1
1	56	1
1	57	1
1	59	1
1	60	1
1	61	1
1	63	1
1	67	1
1	73	0
1	104	0
1	109	1
1	113	1
1	124	1
1	128	1
1	130	1
1	133	1
1	148	1
1	160	1
1	162	1
1	164	0
1	177	1
1	184	1
1	199	1
1	203	1
1	204	1
1	205	1
1	206	0
1	207	1
1	229	1
1	231	1
1	233	1
1	247	1
1	260	1
1	265	1
1	267	0
1	283	1
1	292	0
1	297	1
1	298	1
1	318	1
1	322	1
1	324	1
1	327	1
1	331	1
1	332	1
1	342	1
1	360	1
1	363	1
1	376	1
1	377	1
1	385	1
1	389	0
1	390	0
1	397	1
1	402	1
1	410	1
1	420	1
1	428	1
1	436	1
1	447	1
1	450	1
1	461	1
1	471	1
1	480	1
1	497	1
1	499	1
1	524	1
1	529	1
1	531	1
1	540	1
1	543	1
1	552	1
1	560	1
1	565	1
1	578	1
1	590	1
1	613	1
1	627	1
1	629	1
1	635	0
1	648	1
1	661	1
1	675	1
1	679	1
1	682	1
1	700	1
1	702	1
1	703	0
1	708	0
1	711	0
1	722	1
1	723	1
1	733	1
1	740	1
1	743	1
1	749	1
1	754	1
1	755	1
1	763	1
1	768	1
1	770	1
1	785	1
1	798	1
1	805	1
1	837	0
1	858	0
1	866	1
1	869	1
1	874	1
1	875	1
1	887	1
1	905	1
1	908	0
1	918	1
1	939	1
1	941	1
1	975	1
1	976	1
1	978	0
1	980	1
1	989	1
1	990	1
1	992	1
1	1001	1
1	1004	1
1	1017	0
1	1020	1
1	1026	1
1	1034	1
1	1061	1
1	1073	1
1	1075	1
1	1078	1
1	1079	1
1	1081	1
1	1092	1
1	1093	1
1	1106	1
1	1113	1
1	1138	1
1	1146	1
1	1152	1
1	1157	1
1	1160	1
1	1166	1
1	1175	1
1	1194	1
1	1215	1
1	1227	0
1	1228	1
1	1241	0
1	1246	1
1	1257	1
1	1275	1
1	1284	1
1	1290	1
1	1296	1
1	1298	0
1	1299	1
1	1301	1
1	1317	1
1	1345	1
1	1348	1
1	1354	1
1	1361	1
1	1371	1
1	1379	1
1	1394	1
1	1411	1
1	1423	1
1	1429	1
1	1444	1
1	1455	1
1	1500	1
1	1502	1
1	1504	1
1	1519	1
1	1535	1
1	1549	1
1	1564	1
1	1566	1
1	1571	1
1	1576	1
1	1584	1
1	1597	1
1	1621	1
1	1628	1
1	1630	1
1	1632	1
1	1649	1
1	1653	1
1	1655	1
1	1662	1
1	1669	1
1	1673	1
1	1678	0
1	1686	1
1	1702	1
1	1725	1
1	1729	0
1	1741	1
1	1757	1
1	1759	1
1	1771	1
1	1772	1
1	1788	1
1	1826	1
1	1842	1
1	1848	1
1	1854	1
1	1881	1
1	1954	1
1	1956	1
1	1967	1
1	1987	1
1	2035	1
1	2069	1
1	2078	1
1	2087	0
1	2098	1
1	2104	1
1	2105	0
1	2124	1
1	2127	1
1	2133	1
1	2142	0
1	2147	1
1	2154	1
1	2156	1
1	2163	1
1	2166	1
1	2174	1
1	2181	1
1	2191	1
1	2215	1
1	2249	0
1	2257	1
1	2258	1
1	2261	1
1	2272	1
1	2275	0
1	2279	1
1	2284	1
1	2308	1
1	2310	1
1	2312	1
1	2328	1
1	2396	1
1	2397	1
1	2411	1
1	2417	1
1	2422	1
1	2432	1
1	2466	1
1	2467	1
1	2469	0
1	2487	1
1	2494	1
1	2500	1
1	2507	1
1	2520	1
1	2523	1
1	2535	1
1	2549	1
1	2565	0
1	2573	1
1	2578	1
1	2582	1
1	2592	1
1	2596	1
1	2599	1
1	2603	1
1	2604	1
1	2607	1
1	2629	1
1	2632	1
1	2633	1
1	2645	1
1	2698	1
1	2712	1
1	2715	1
1	2724	1
1	2739	1
1	2747	1
1	2748	1
1	2766	0
1	2780	1
1	2788	1
1	2789	0
1	2833	1
1	2834	1
1	2835	1
1	2847	1
1	2854	0
1	2859	0
1	2867	1
1	2868	0
1	2871	1
1	2886	0
1	2898	1
1	2899	1
1	2900	1
1	2901	1
1	2921	1
1	2939	1
1	2944	1
1	2946	1
1	2954	1
1	2957	1
1	2972	1
1	2977	1
1	2979	1
1	2992	1
1	2993	1
1	3014	1
1	478	1
1	2058	1
1	18	1
1	790	1
1	158	1
1	998	1
1	119	1
1	904	1
1	967	1
1	872	0
1	399	1
1	1077	1
1	1708	1
1	1065	1
1	103	1
1	1100	1
1	2526	1
1	2428	1
1	234	0
1	1140	1
1	344	1
1	1792	1
1	556	1
1	359	0
1	168	1
1	878	1
1	2	1
1	1916	1
1	2418	1
1	2721	1
1	275	1
1	735	1
1	1068	1
1	82	1
1	2074	1
1	232	1
1	1042	1
1	288	1
1	183	0
1	2037	1
1	99	1
1	1618	1
1	2631	0
1	154	1
1	416	1
1	62	1
1	22	1
1	284	1
1	2690	1
1	1048	1
2	13	2
2	21	1
2	22	2
2	46	1
2	68	1
2	103	2
2	105	2
2	111	1
2	126	2
2	127	1
2	134	2
2	150	0
2	151	1
2	165	1
2	179	2
2	183	1
2	190	1
2	197	2
2	218	1
2	221	2
2	245	2
2	255	2
2	272	2
2	280	1
2	294	2
2	300	2
2	305	1
2	309	1
2	313	2
2	319	2
2	340	2
2	345	2
2	349	2
2	361	2
2	365	2
2	379	2
2	380	2
2	395	2
2	399	0
2	430	2
2	468	2
2	473	1
2	477	0
2	483	0
2	495	2
2	506	2
2	536	2
2	548	2
2	551	1
2	574	0
2	597	2
2	602	2
2	606	0
2	608	2
2	640	2
2	660	1
2	680	2
2	681	2
2	690	1
2	716	2
2	729	2
2	736	1
2	747	2
2	751	2
2	772	0
2	784	0
2	796	1
2	818	1
2	839	1
2	894	2
2	909	1
2	932	2
2	935	2
2	942	2
2	966	2
2	967	0
2	983	2
2	1032	2
2	1036	2
2	1045	2
2	1082	2
2	1087	2
2	1091	1
2	1095	2
2	1115	0
2	1116	1
2	1136	1
2	1217	2
2	1218	2
2	1244	2
2	1250	2
2	1261	1
2	1271	2
2	1278	1
2	1288	1
2	1289	1
2	1294	0
2	1311	2
2	1315	1
2	1316	2
2	1363	2
2	1385	2
2	1403	2
2	1408	2
2	1430	2
2	1453	0
2	1495	2
2	1503	2
2	1512	2
2	1523	2
2	1532	2
2	1534	2
2	1545	2
2	1554	2
2	1562	2
2	1577	2
2	1641	0
2	1666	2
2	1675	1
2	1695	1
2	1710	2
2	1711	2
2	1742	2
2	1750	0
2	1760	1
2	1779	1
2	1784	2
2	1809	2
2	1810	1
2	1817	1
2	1834	2
2	1835	1
2	1856	1
2	1897	2
2	1903	2
2	1911	2
2	1959	0
2	1977	2
2	1990	2
2	2004	1
2	2010	0
2	2011	2
2	2014	2
2	2024	2
2	2033	2
2	2046	1
2	2067	2
2	2080	2
2	2092	2
2	2119	1
2	2125	2
2	2130	1
2	2135	0
2	2138	2
2	2143	2
2	2144	1
2	2151	2
2	2157	2
2	2165	1
2	2205	2
2	2276	2
2	2278	0
2	2325	2
2	2332	2
2	2340	2
2	2343	2
2	2383	2
2	2459	1
2	2471	2
2	2497	2
2	2510	2
2	2531	2
2	2543	0
2	2572	2
2	2595	2
2	2664	2
2	2674	0
2	2680	1
2	2681	2
2	2687	1
2	2744	1
2	2745	2
2	2763	2
2	2771	2
2	2796	2
2	2824	2
2	2827	2
2	2856	2
2	2877	2
2	2907	1
2	2912	1
2	2922	1
2	2952	0
2	2981	1
2	2997	2
2	2998	2
2	3005	1
2	3012	2
2	3022	0
2	3031	0
2	2590	1
2	2275	1
2	542	2
2	1615	1
2	2502	2
2	2061	2
2	11	2
2	1991	2
2	2480	2
2	26	2
2	405	1
2	2710	0
2	392	2
2	1445	0
2	1323	2
2	1071	1
2	1144	2
2	47	2
2	446	0
2	2618	2
2	1356	1
2	144	2
2	281	2
2	613	0
2	2093	2
2	412	2
2	2163	2
2	1350	2
2	1682	1
2	774	2
2	1255	2
2	23	2
2	1300	1
2	410	2
2	1830	2
2	962	1
2	1506	2
2	970	2
2	2302	2
2	1731	1
2	178	2
2	1686	1
2	777	1
2	2194	2
2	2301	1
2	2597	1
2	292	1
2	1044	2
2	922	1
2	618	2
2	213	1
2	463	2
2	50	1
2	1021	1
2	27	0
2	286	1
2	2723	2
2	226	1
2	20	2
2	1890	2
2	1447	2
3	4	1
3	33	0
3	37	2
3	80	2
3	116	1
3	132	0
3	144	1
3	181	0
3	187	2
3	211	2
3	228	2
3	277	1
3	284	2
3	326	2
3	335	2
3	359	1
3	384	1
3	405	1
3	408	1
3	449	1
3	453	2
3	457	1
3	467	2
3	490	1
3	508	1
3	512	1
3	519	2
3	522	2
3	530	2
3	537	2
3	546	1
3	564	1
3	604	2
3	631	2
3	650	2
3	668	0
3	686	1
3	688	2
3	766	2
3	787	2
3	812	1
3	854	0
3	873	1
3	902	1
3	931	0
3	958	2
3	964	1
3	1005	2
3	1025	0
3	1035	1
3	1044	2
3	1057	2
3	1059	1
3	1074	0
3	1100	0
3	1133	2
3	1153	1
3	1214	1
3	1225	1
3	1249	2
3	1263	1
3	1292	1
3	1320	1
3	1347	2
3	1398	0
3	1399	2
3	1438	1
3	1446	0
3	1452	1
3	1458	2
3	1592	1
3	1636	2
3	1657	0
3	1665	2
3	1743	1
3	1836	2
3	1888	2
3	1931	1
3	1966	2
3	1979	1
3	1993	0
3	1994	2
3	2007	2
3	2059	2
3	2085	1
3	2113	2
3	2140	2
3	2177	1
3	2193	2
3	2210	2
3	2233	2
3	2252	1
3	2281	2
3	2305	0
3	2319	2
3	2323	2
3	2347	2
3	2380	1
3	2530	2
3	2550	2
3	2581	2
3	2630	2
3	2704	1
3	2736	1
3	2740	1
3	2762	2
3	2765	2
3	2864	2
3	2870	2
3	2991	1
3	2994	2
3	3013	1
3	3025	2
3	52	2
3	1231	1
3	436	2
3	328	0
3	2549	1
3	978	1
3	757	1
3	657	1
3	2160	1
3	1195	2
3	2446	1
3	129	0
3	511	1
3	377	2
3	1029	1
3	1814	0
3	1264	2
3	317	2
3	1585	2
3	779	2
3	167	2
3	801	1
3	152	2
3	1243	2
3	210	0
3	1672	2
3	880	1
3	85	2
3	51	1
3	241	1
3	517	2
3	2267	2
3	974	2
3	520	1
3	1054	2
3	2637	1
3	403	1
3	1150	2
3	1609	2
3	1641	2
3	220	0
3	1996	1
3	71	1
3	14	2
3	205	1
3	885	2
3	5	2
4	23	1
4	70	2
4	121	1
4	142	2
4	152	1
4	193	2
4	194	1
4	249	0
4	262	2
4	268	1
4	285	2
4	291	1
4	412	1
4	507	1
4	534	1
4	573	1
4	596	2
4	598	2
4	623	1
4	678	1
4	701	1
4	704	2
4	712	2
4	724	1
4	741	1
4	779	2
4	786	0
4	804	1
4	830	1
4	882	2
4	898	1
4	899	2
4	979	1
4	986	2
4	1151	0
4	1186	2
4	1207	0
4	1269	1
4	1276	0
4	1337	1
4	1386	0
4	1391	1
4	1421	2
4	1445	1
4	1456	1
4	1520	1
4	1533	2
4	1594	2
4	1598	2
4	1654	2
4	1701	2
4	1728	1
4	1808	1
4	1815	1
4	1947	1
4	1995	1
4	2051	2
4	2061	1
4	2082	2
4	2112	1
4	2167	1
4	2180	1
4	2192	1
4	2207	2
4	2234	2
4	2296	1
4	2407	1
4	2408	2
4	2428	1
4	2462	1
4	2594	1
4	2684	2
4	2716	1
4	2735	0
4	2811	0
4	2816	1
4	2858	1
4	2928	1
4	2961	2
4	146	0
4	1137	2
4	34	1
4	2354	0
4	2127	2
4	2132	1
4	2353	2
4	189	2
4	1422	1
4	284	2
4	164	1
4	2206	1
4	923	1
4	1975	1
4	174	1
4	1737	1
4	443	1
4	24	2
4	1502	2
4	2729	2
4	2545	2
4	2692	2
4	1256	1
4	2725	1
4	1697	1
4	1602	1
4	254	2
4	1522	1
4	124	2
4	236	1
4	2221	2
4	1051	1
4	550	2
4	1471	1
4	891	1
4	1133	1
4	296	0
4	1642	1
4	2427	2
4	2105	1
4	248	1
4	1936	2
4	376	2
4	1049	2
4	2076	2
4	334	1
4	322	1
5	62	1
5	84	1
5	154	2
5	168	2
5	186	1
5	250	0
5	258	2
5	259	1
5	275	2
5	337	2
5	372	2
5	520	2
5	542	1
5	563	1
5	567	1
5	672	1
5	692	2
5	780	2
5	817	2
5	892	0
5	944	2
5	1009	2
5	1021	1
5	1055	2
5	1066	2
5	1085	0
5	1219	1
5	1234	2
5	1253	0
5	1254	2
5	1279	1
5	1302	2
5	1344	2
5	1425	1
5	1477	1
5	1540	1
5	1547	1
5	1555	2
5	1561	0
5	1617	2
5	1822	1
5	1895	2
5	1907	0
5	1978	2
5	2055	1
5	2074	2
5	2153	1
5	2216	2
5	2442	0
5	2567	2
5	2571	1
5	2589	2
5	2591	1
5	2753	2
5	2927	2
5	2950	1
5	2955	2
5	2970	2
5	1114	1
5	963	1
5	1687	1
5	2134	2
5	2728	2
5	1211	2
5	2695	2
5	1734	1
5	2641	0
5	772	2
5	10	1
5	655	2
5	507	1
5	2327	2
5	1674	2
5	2087	1
5	79	1
5	316	1
5	2731	1
5	2395	2
5	83	1
5	1252	0
5	2489	2
5	953	1
5	2154	1
5	2018	1
5	1304	1
5	1261	1
5	2604	1
5	1345	2
5	2573	0
5	630	1
5	1693	0
5	2629	1
5	2577	0
5	561	0
5	108	2
5	1405	2
5	2297	2
5	825	2
5	700	2
5	960	1
5	766	1
5	333	1
5	1606	2
5	605	0
6	120	1
6	131	2
6	143	2
6	314	2
6	354	1
6	404	2
6	484	1
6	614	2
6	744	1
6	767	1
6	769	1
6	781	1
6	832	1
6	956	1
6	991	2
6	1010	2
6	1094	2
6	1108	1
6	1126	1
6	1150	2
6	1161	2
6	1187	2
6	1189	2
6	1193	2
6	1195	0
6	1220	1
6	1237	1
6	1245	1
6	1407	2
6	1546	1
6	1552	2
6	1651	2
6	1793	2
6	1862	2
6	1891	2
6	1925	2
6	1952	2
6	1970	2
6	1975	1
6	2013	1
6	2064	1
6	2116	2
6	2141	2
6	2209	2
6	2222	1
6	2232	1
6	2237	1
6	2267	0
6	2361	2
6	2429	2
6	2463	2
6	2503	1
6	2518	2
6	2528	1
6	2626	2
6	2733	0
6	2758	1
6	2793	0
6	2853	2
6	2906	2
6	2931	1
6	203	2
6	179	2
6	1600	2
6	2240	0
6	1924	1
6	373	2
6	1296	2
6	2726	1
6	1652	1
6	814	2
6	1608	2
6	177	2
6	689	2
6	667	2
6	396	2
6	2485	2
6	2381	1
6	2564	2
6	8	1
6	823	1
6	529	1
6	2103	0
6	47	1
6	2167	1
6	229	1
6	1020	2
6	2452	0
6	2449	1
6	1760	1
7	48	0
7	90	2
7	95	2
7	137	1
7	266	1
7	330	1
7	346	2
7	445	2
7	576	2
7	616	2
7	620	2
7	814	1
7	928	1
7	1038	1
7	1099	1
7	1216	1
7	1248	2
7	1295	2
7	1338	0
7	1362	2
7	1405	2
7	1460	1
7	1508	2
7	1522	1
7	1541	2
7	1543	1
7	1593	2
7	1619	2
7	1746	2
7	1787	2
7	1805	2
7	1806	1
7	1875	2
7	1938	2
7	2034	1
7	2187	1
7	2363	2
7	2438	1
7	2472	2
7	2493	1
7	2513	1
7	2590	1
7	2665	0
7	2929	2
7	263	2
7	1519	1
7	1750	2
7	21	2
7	294	1
7	2392	1
7	1174	1
7	1249	2
7	1621	2
7	1266	0
7	51	1
7	742	1
7	2461	2
7	147	2
7	1335	1
7	1993	2
7	1215	1
7	1164	2
7	1822	1
7	199	1
7	1010	2
7	2255	2
7	405	2
7	50	2
7	1551	2
7	1634	1
7	763	2
7	224	1
7	85	2
7	1250	1
7	1967	0
7	1518	0
7	1617	2
7	539	2
7	2487	2
7	10	2
8	12	1
8	112	2
8	147	2
8	201	1
8	301	2
8	392	1
8	411	1
8	418	0
8	455	1
8	491	1
8	509	2
8	674	0
8	677	2
8	693	2
8	753	1
8	807	2
8	906	1
8	929	1
8	934	1
8	1019	1
8	1031	2
8	1226	1
8	1313	0
8	1528	2
8	1747	1
8	1857	2
8	2037	1
8	2047	2
8	2068	0
8	2091	1
8	2129	1
8	2152	1
8	2260	1
8	2295	1
8	2321	1
8	2448	1
8	2502	1
8	2519	2
8	2576	1
8	2617	1
8	2658	1
8	2676	1
8	2709	0
8	2757	1
8	2764	2
8	2996	1
8	1037	0
8	2425	1
8	2403	1
8	1895	2
8	2001	1
8	2551	2
8	835	1
8	1729	1
8	1271	2
8	26	1
8	1806	1
8	1866	2
8	2718	1
8	1040	2
8	1385	2
8	2379	1
8	291	2
8	2563	1
8	408	1
8	236	0
8	2633	1
8	1420	1
8	1862	2
8	792	2
9	86	2
9	289	2
9	306	0
9	323	2
9	373	1
9	459	2
9	545	2
9	730	1
9	734	2
9	811	2
9	823	1
9	863	1
9	965	2
9	1122	2
9	1255	2
9	1256	0
9	1389	2
9	1422	2
9	1449	2
9	1450	2
9	1496	0
9	1518	2
9	1640	1
9	1754	0
9	1763	2
9	1892	2
9	1904	0
9	1909	2
9	1950	1
9	2212	2
9	2273	1
9	2320	0
9	2419	1
9	2434	1
9	2545	2
9	2546	1
9	2647	0
9	2673	2
9	2710	2
9	2850	1
9	2851	2
9	2925	2
9	2980	1
9	514	2
9	1056	1
9	1845	1
9	1259	2
9	2148	2
9	43	2
9	240	2
9	1930	2
9	2094	1
9	85	2
9	107	2
9	524	2
9	275	1
9	2217	1
9	2193	2
9	315	1
9	1530	2
9	1869	2
9	67	2
9	59	2
9	516	1
9	176	2
10	28	1
10	155	1
10	196	1
10	287	2
10	475	2
10	476	1
10	487	0
10	527	2
10	532	1
10	533	1
10	612	1
10	727	1
10	1125	2
10	1185	1
10	1199	1
10	1272	0
10	1286	0
10	1396	1
10	1516	1
10	1559	2
10	1560	2
10	1570	1
10	1583	1
10	1631	1
10	1699	2
10	1718	1
10	1752	0
10	1790	0
10	1818	0
10	1912	2
10	2006	2
10	2070	2
10	2170	1
10	2175	2
10	2225	1
10	2262	1
10	2283	1
10	2379	1
10	2453	1
10	2454	1
10	2563	1
10	2612	2
10	2659	1
10	2869	1
10	2636	2
10	2046	1
10	1590	1
10	2415	0
10	1059	1
10	2273	1
10	554	1
10	884	1
10	1358	1
10	408	1
10	1678	1
10	2421	0
10	189	1
11	24	1
11	123	1
11	261	2
11	286	1
11	316	1
11	386	1
11	406	2
11	434	1
11	570	2
11	586	2
11	725	1
11	731	2
11	757	1
11	844	1
11	848	2
11	943	1
11	1124	1
11	1283	2
11	1307	1
11	1382	1
11	1433	1
11	1527	1
11	1625	1
11	1627	1
11	1650	1
11	1656	2
11	1704	1
11	1738	0
11	1860	1
11	1933	1
11	1953	1
11	1955	1
11	2121	0
11	2196	1
11	2203	2
11	2317	1
11	2449	0
11	2489	1
11	2491	0
11	2506	2
11	2568	1
11	2651	2
11	2668	1
11	2717	1
11	2802	0
11	2817	1
11	2947	0
11	3011	1
11	272	1
11	2530	1
11	890	2
11	678	2
11	248	1
11	630	0
12	17	2
12	18	1
12	102	1
12	293	2
12	375	1
12	398	2
12	443	1
12	446	2
12	454	2
12	528	1
12	541	2
12	609	2
12	610	2
12	615	2
12	624	2
12	637	1
12	658	0
12	822	0
12	962	1
12	1086	1
12	1104	2
12	1109	1
12	1273	1
12	1353	1
12	1474	2
12	1601	1
12	1610	1
12	1634	0
12	1703	2
12	1795	1
12	1827	1
12	1847	1
12	1852	2
12	1858	2
12	1889	1
12	1893	1
12	1894	1
12	1971	1
12	2031	1
12	2065	1
12	2285	2
12	2401	1
12	2478	0
12	2482	1
12	2517	0
12	2783	1
12	2876	1
12	1379	2
12	178	0
12	733	1
12	101	2
13	35	2
13	74	2
13	92	0
13	101	2
13	135	1
13	169	2
13	174	2
13	510	2
13	553	2
13	554	2
13	663	2
13	911	2
13	945	1
13	972	2
13	981	0
13	1147	2
13	1381	2
13	1521	2
13	1542	2
13	1613	1
13	1734	2
13	1794	2
13	1823	0
13	1861	1
13	1985	2
13	2263	2
13	2294	2
13	2327	2
13	2671	2
13	2703	1
13	3019	2
13	245	2
13	1957	2
13	1425	2
13	153	2
13	292	1
13	99	2
13	261	1
13	793	2
13	2345	2
13	2188	2
13	266	1
13	1771	1
13	1802	2
13	89	1
13	1172	1
13	1610	2
14	50	1
14	107	2
14	172	0
14	219	2
14	333	1
14	435	2
14	521	2
14	973	1
14	1141	1
14	1172	2
14	1305	1
14	1553	2
14	1581	0
14	1587	1
14	1664	1
14	1789	2
14	1799	2
14	1811	2
14	1824	2
14	1853	0
14	2002	1
14	2028	2
14	2090	2
14	2106	1
14	2168	0
14	2274	1
14	2358	2
14	2370	2
14	2479	0
14	2574	2
14	2597	2
14	2814	1
14	2889	0
14	3015	2
14	1812	1
14	1677	1
14	2204	2
14	231	1
14	16	0
14	509	2
14	2505	2
14	1788	1
14	177	2
14	2484	2
15	100	2
15	146	2
15	383	1
15	421	1
15	432	2
15	525	2
15	538	2
15	587	2
15	705	0
15	709	2
15	838	2
15	856	2
15	1030	2
15	1048	2
15	1054	0
15	1238	1
15	1258	0
15	1285	2
15	1387	2
15	1441	2
15	1638	1
15	1648	0
15	1756	2
15	1867	2
15	1910	0
15	1996	1
15	2109	1
15	2126	0
15	2307	2
15	2337	2
15	2350	2
15	2738	2
15	2778	2
15	2804	1
15	2842	1
15	2874	1
15	3004	1
15	1196	2
15	2281	2
15	2445	1
15	2609	1
16	138	2
16	226	2
16	236	1
16	256	1
16	516	2
16	880	2
16	938	0
16	1088	2
16	1135	2
16	1262	2
16	1321	2
16	1401	2
16	1529	1
16	1586	1
16	2155	2
16	2243	2
16	2402	2
16	2427	2
16	2460	0
16	2488	2
16	2648	2
16	2893	1
16	2943	0
16	193	2
16	996	1
16	443	1
16	2499	1
16	1923	1
16	628	2
16	2516	1
16	353	1
16	354	1
16	2198	2
16	2252	2
16	1413	2
16	1714	1
16	505	2
16	2675	1
17	213	1
17	279	2
17	415	1
17	762	2
17	810	2
17	836	2
17	925	2
17	1128	0
17	1322	2
17	1351	2
17	1663	2
17	1681	0
17	1694	2
17	1803	0
17	1942	2
17	2042	1
17	2490	2
17	2670	2
17	2750	2
17	2751	2
17	2798	2
17	2800	1
17	2878	1
17	402	1
17	538	0
17	1218	2
17	383	1
17	1170	2
17	802	0
17	1911	2
17	1503	2
17	2492	0
17	428	2
17	1648	2
17	1409	0
17	2677	1
17	2586	1
18	64	2
18	129	2
18	419	2
18	855	2
18	904	2
18	999	1
18	1084	2
18	1360	1
18	1368	1
18	1427	2
18	1428	1
18	1719	2
18	2137	1
18	2391	2
18	2441	1
18	2707	2
18	1661	1
18	1826	2
18	529	1
18	1199	1
18	1595	0
18	857	0
18	1031	2
18	1186	0
18	1915	2
18	2266	2
18	228	1
18	1529	1
18	1897	1
18	354	1
18	2117	2
18	1309	2
18	1767	1
18	578	1
18	175	2
18	964	2
19	52	1
19	72	1
19	118	1
19	191	1
19	252	1
19	339	1
19	424	0
19	427	0
19	488	1
19	556	1
19	996	1
19	1145	1
19	1349	0
19	1350	1
19	1390	1
19	1466	1
19	1565	1
19	1615	1
19	1693	1
19	2032	1
19	2072	1
19	2230	1
19	2236	1
19	2395	1
19	2646	1
19	2669	1
19	2675	1
19	2784	0
19	2933	1
19	2971	1
19	2060	1
19	313	1
19	1067	1
19	2587	1
19	686	1
20	356	0
20	605	1
20	1114	1
20	1264	0
20	1335	1
20	1415	1
20	1614	1
20	1761	1
20	1776	1
20	1777	1
20	1874	2
20	2053	1
20	2197	0
20	2208	2
20	2484	1
20	2822	2
20	2865	1
20	2919	0
20	3023	1
20	2397	1
20	2055	0
20	2715	2
20	1428	1
20	1863	1
20	232	1
20	2226	1
20	281	1
20	944	2
20	719	1
20	2556	0
20	1871	1
20	1166	1
21	47	1
21	93	1
21	156	1
21	307	1
21	617	2
21	689	2
21	715	1
21	878	2
21	970	1
21	971	1
21	1184	1
21	1209	1
21	1355	0
21	1397	1
21	1435	1
21	1726	1
21	1849	1
21	1940	2
21	1986	1
21	2040	1
21	2367	0
21	2779	1
21	2843	1
21	2908	1
21	306	2
21	1337	2
21	51	1
21	30	2
21	1015	1
21	543	2
22	225	2
22	498	2
22	771	1
22	850	1
22	969	1
22	1070	1
22	1149	1
22	1736	0
22	2075	1
22	2228	2
22	2231	1
22	2690	1
22	2895	2
22	382	1
22	241	2
22	162	0
22	1844	2
22	2107	0
22	863	1
22	95	2
22	142	0
22	1840	2
22	1966	2
22	2241	2
22	1130	2
22	2304	2
22	258	2
22	488	2
22	1572	2
23	78	2
23	223	2
23	241	1
23	244	0
23	273	1
23	303	1
23	357	2
23	639	2
23	748	2
23	876	1
23	919	2
23	1096	1
23	1170	1
23	1180	0
23	1303	2
23	1365	1
23	1620	1
23	2099	2
23	2201	0
23	2254	2
23	2371	1
23	2415	2
23	2610	0
23	2953	1
23	1601	1
23	527	0
23	1314	1
23	1228	2
24	125	2
24	257	0
24	535	0
24	903	2
24	947	2
24	1008	2
24	1023	2
24	1198	2
24	1342	2
24	1400	1
24	1436	2
24	1644	2
24	1886	2
24	2593	1
24	2622	2
24	2663	2
24	2693	1
24	2968	2
24	1725	2
24	215	2
24	707	0
24	1417	2
24	1257	2
24	1321	2
24	1085	0
24	414	2
24	88	2
24	1181	1
25	94	0
25	310	1
25	481	2
25	618	1
25	628	2
25	930	1
25	1117	0
25	1142	2
25	1155	2
25	1314	1
25	1873	1
25	1884	1
25	2394	2
25	2759	1
25	2984	1
25	1969	2
25	2663	2
25	1293	1
25	1604	2
25	287	2
25	979	0
25	261	1
25	305	0
25	114	1
25	515	1
25	756	0
25	118	1
25	1183	1
26	87	0
26	158	1
26	634	2
26	662	0
26	745	1
26	1329	1
26	1618	0
26	1775	2
26	1871	0
26	2199	2
26	2265	2
26	2392	1
26	2655	2
26	2688	2
26	555	1
26	2232	1
26	1968	2
26	2133	2
26	726	1
26	2594	1
26	162	2
26	2390	2
26	1660	0
26	889	1
26	2638	2
27	110	0
27	364	2
27	442	2
27	849	2
27	867	1
27	916	2
27	1037	1
27	1039	2
27	1205	2
27	1395	1
27	1526	2
27	1612	1
27	1744	2
27	2421	1
27	2532	2
27	2678	2
27	2692	2
27	144	2
27	379	2
27	2166	2
27	1644	2
27	871	2
27	2294	0
27	1487	2
27	1169	2
28	43	0
28	239	1
28	403	1
28	632	1
28	746	1
28	819	1
28	840	1
28	1018	1
28	1439	1
28	1683	1
28	1781	2
28	1870	1
28	2019	1
28	2020	1
28	2089	1
28	2184	1
28	2344	1
28	2477	2
28	2541	0
28	2575	2
28	786	2
28	318	2
28	152	2
28	307	2
28	36	2
29	195	1
29	341	1
29	619	1
29	907	2
29	1492	2
29	1579	2
29	1832	1
29	1965	1
29	2292	1
29	2304	2
29	2424	2
29	2881	1
29	2974	2
29	3008	1
29	2099	2
29	1004	2
29	419	0
29	2236	1
29	1295	1
29	1347	2
29	886	1
29	317	1
29	2305	1
29	1138	0
29	1479	1
30	189	2
30	209	1
30	230	1
30	422	0
30	478	2
30	577	2
30	636	2
30	883	2
30	1120	2
30	1346	0
30	1487	1
30	1524	1
30	1624	0
30	1661	1
30	1751	1
30	1859	0
30	1998	1
30	2136	0
30	2650	2
30	2713	1
30	2873	1
30	2894	2
30	2959	1
31	51	1
31	114	2
31	200	0
31	378	1
31	728	2
31	825	2
31	915	2
31	1179	1
31	1281	1
31	1609	2
31	1727	1
31	1796	2
31	2123	2
31	2526	2
31	2525	1
31	791	0
31	2300	1
31	1589	2
31	1096	1
31	2288	1
31	473	1
31	35	2
32	136	1
32	159	1
32	355	1
32	742	1
32	1578	1
32	1595	1
32	2043	1
32	2044	1
32	2058	1
32	2866	1
32	2617	0
32	188	1
32	2665	1
32	2404	1
32	201	1
32	2674	1
32	921	1
32	785	1
32	813	1
32	1681	1
32	215	1
32	1751	1
32	2648	1
33	210	0
33	215	1
33	425	2
33	669	2
33	673	2
33	775	2
33	1223	1
33	1247	1
33	1497	1
33	2003	1
33	2241	0
33	2686	2
33	2711	1
33	2773	2
33	1124	2
33	2095	2
33	324	2
33	858	1
33	1026	1
33	2322	1
33	117	2
33	1002	2
34	222	1
34	603	1
34	646	1
34	694	1
34	974	1
34	1208	1
34	1252	1
34	1491	1
34	1960	1
34	2248	0
34	2461	1
34	2701	1
34	2777	1
34	2801	1
34	2696	1
34	2012	1
34	893	1
34	256	1
34	1497	1
34	2402	1
35	98	2
35	115	1
35	368	1
35	466	2
35	895	0
35	1330	2
35	1684	2
35	1722	1
35	2316	2
35	2413	2
35	1827	2
35	1028	1
35	252	2
35	2632	1
35	879	0
35	1453	0
35	401	2
35	349	2
35	1575	0
36	407	2
36	429	2
36	936	1
36	1426	0
36	1472	1
36	1723	2
36	1730	2
36	2016	2
36	2537	1
36	2551	2
36	2560	2
36	2770	1
36	1796	2
36	2066	2
36	2649	1
36	78	2
36	276	2
36	1858	2
36	368	1
36	222	2
37	423	2
37	599	0
37	633	1
37	697	1
37	1357	1
37	1659	1
37	915	2
37	114	2
37	1162	2
37	131	1
37	49	1
37	152	2
37	1488	1
37	82	2
37	155	1
37	490	2
37	1303	1
37	44	0
37	897	1
38	274	1
38	437	1
38	717	1
38	834	1
38	1165	1
38	1202	1
38	1287	1
38	1418	0
38	2060	1
38	2300	1
38	2309	0
38	2373	1
38	2844	1
38	1444	1
38	2374	1
38	2443	1
38	154	1
38	721	1
38	2310	1
38	103	1
39	304	1
39	496	1
39	523	1
39	710	2
39	1069	2
39	1334	2
39	1692	1
39	1758	2
39	2146	2
39	2161	0
39	2672	1
39	2714	1
39	2813	0
39	1865	1
39	370	2
39	2024	0
39	2372	1
39	88	1
40	176	2
40	558	2
40	828	2
40	1156	2
40	1173	2
40	1949	2
40	2023	1
40	2385	1
40	440	0
40	1553	1
40	82	2
40	1542	2
40	158	2
40	303	2
40	136	2
40	1235	2
40	98	2
40	705	2
40	2659	2
41	83	1
41	99	2
41	167	2
41	325	0
41	329	1
41	416	2
41	1831	1
41	1841	1
41	2348	2
41	2393	2
41	1132	2
41	1418	1
41	523	1
41	1275	1
41	2141	2
41	494	2
41	838	1
41	1527	0
42	91	2
42	1376	1
42	2017	1
42	2054	2
42	2286	2
42	2324	1
42	342	1
42	941	2
42	2575	2
42	2411	2
42	282	1
42	2686	1
42	2717	1
42	2513	1
42	2483	0
42	988	1
42	1043	1
42	2441	0
43	242	1
43	317	1
43	699	1
43	820	1
43	1670	1
43	1829	1
43	1934	2
43	2029	1
43	2159	2
43	2164	1
43	1591	0
43	350	1
43	1803	2
43	233	2
43	514	1
43	738	1
43	1363	1
44	417	0
44	625	1
44	793	2
44	953	0
44	1129	1
44	2406	1
44	971	0
44	1884	2
44	1784	1
44	708	1
44	2138	1
44	2109	1
44	577	1
44	338	1
44	262	1
44	546	2
45	53	1
45	600	0
45	843	2
45	923	1
45	1604	1
45	1765	1
45	2041	2
45	2606	1
45	2720	1
45	977	1
45	2438	2
45	502	1
45	510	2
45	283	1
45	1509	1
45	2423	2
45	227	2
46	96	0
46	371	1
46	912	1
46	961	2
46	1042	2
46	1112	1
46	1434	1
46	2349	1
46	2332	1
46	903	2
46	394	0
46	846	2
46	1958	2
46	2626	2
46	910	1
46	1998	1
46	650	0
47	238	1
47	486	1
47	988	1
47	1159	1
47	1536	1
47	1596	1
47	326	1
47	715	0
47	906	2
47	1949	2
47	1501	1
47	163	2
47	2029	1
48	328	2
48	544	2
48	809	1
48	1308	2
48	2331	2
48	2861	2
48	292	1
48	1163	2
48	1012	2
48	2008	1
48	472	0
48	1685	2
48	1914	1
48	74	2
48	1997	0
48	1234	0
49	575	2
49	671	0
49	2131	2
49	2266	2
49	2444	2
49	2888	2
49	2917	1
49	2600	2
49	843	1
49	1489	1
49	2716	1
49	1656	2
49	599	1
49	1237	1
49	677	1
50	374	2
50	464	2
50	738	0
50	792	2
50	1083	2
50	1211	2
50	1266	2
50	1464	1
50	1563	1
50	1606	1
50	2221	1
50	2995	1
50	3007	1
50	3032	1
51	448	0
51	494	1
51	664	1
51	1312	1
51	2128	1
51	2585	0
51	532	1
51	68	1
51	74	1
51	1956	1
51	2053	1
51	1646	0
52	868	2
52	1224	0
52	1332	1
52	1637	0
52	1668	2
52	1945	2
52	2183	1
52	2255	2
52	2322	1
52	2731	2
52	1971	1
52	2070	2
52	917	2
52	1778	2
53	582	1
53	630	1
53	948	1
53	1014	2
53	1383	2
53	1431	2
53	1622	2
53	1674	1
53	2451	1
53	2679	0
53	2595	1
53	1594	1
53	1611	1
53	63	1
53	483	1
54	55	1
54	1557	1
54	2309	1
54	2035	1
54	2619	2
54	1994	2
54	2237	0
54	530	1
54	2348	2
54	2706	1
54	1480	1
54	550	2
54	662	1
54	984	2
54	1516	1
55	1274	1
55	1328	2
55	2134	0
55	2443	1
55	1223	2
55	1700	1
55	104	1
55	1263	1
55	565	0
55	2567	2
55	382	1
55	1423	2
55	759	2
55	2467	2
56	400	2
56	1807	2
56	1890	0
56	2505	2
56	2653	1
56	1945	2
56	1653	2
56	166	1
56	1739	2
56	2084	2
56	535	2
56	1573	0
56	2433	1
57	659	1
57	1432	2
57	1901	2
57	2362	1
57	685	2
57	782	2
57	1500	2
57	159	1
57	2045	0
57	1951	2
57	404	2
57	1654	2
57	310	0
58	288	2
58	1013	1
58	1230	1
58	1231	1
58	1569	2
58	1591	1
58	1646	1
58	1769	2
58	1828	1
58	339	2
58	1789	1
58	1775	2
58	2431	1
58	304	2
59	171	2
59	217	2
59	320	2
59	391	0
59	847	1
59	1183	2
59	2360	2
59	2377	0
59	2613	2
59	2637	1
59	2000	1
59	2231	1
59	194	1
60	82	2
60	470	2
60	776	1
60	871	0
60	997	0
60	1906	1
60	2012	1
60	570	2
60	2063	1
60	679	2
60	1338	1
60	1208	2
60	2007	1
61	311	2
61	920	0
61	1920	2
61	2077	2
61	2905	1
61	1581	0
61	2543	2
61	1045	2
61	1455	2
61	755	2
61	256	1
61	2067	1
61	533	0
62	676	1
62	1369	0
62	1712	2
62	2025	1
62	1823	2
62	143	1
62	102	1
62	2589	2
62	1747	1
62	1431	2
62	1141	0
62	2476	1
63	1327	2
63	1774	2
63	1785	1
63	2662	2
63	2883	2
63	1443	2
63	137	1
63	1531	2
63	531	1
63	1370	1
63	94	1
63	2101	2
64	485	0
64	2206	2
64	2845	2
64	1351	2
64	1359	2
64	1400	1
64	523	1
64	93	2
64	2268	2
64	2078	2
64	771	1
64	219	1
64	2003	1
65	1118	2
65	1131	2
65	1556	0
65	1706	2
65	1748	2
65	2268	1
65	2334	0
65	2492	0
65	2772	2
65	411	1
65	163	1
65	383	1
66	647	1
66	1221	1
66	1240	1
66	1515	0
66	2399	2
66	2635	1
66	853	1
66	2512	1
66	2180	2
66	1470	2
66	1439	2
66	141	2
67	1658	2
67	1900	2
67	2437	2
67	2512	1
67	2610	2
67	120	1
67	2681	2
67	2377	2
67	1816	2
67	1066	2
67	211	2
68	1102	2
68	1698	1
68	2158	2
68	2875	1
68	1658	1
68	1534	1
68	1813	1
68	1342	1
68	566	1
68	1664	1
68	2570	2
69	290	2
69	888	2
69	1352	2
69	1364	2
69	2079	2
69	2727	1
69	1200	2
69	2262	2
69	1408	2
69	368	1
69	1861	1
69	680	0
70	492	1
70	803	2
70	1488	1
70	1845	2
70	2791	1
70	2819	2
70	1745	1
70	2225	1
70	357	0
70	466	2
70	502	1
70	2532	2
71	652	1
71	657	0
71	1105	1
71	1404	0
71	1838	1
71	2700	0
71	2741	1
71	1178	1
71	1673	1
71	168	1
71	84	0
72	1880	1
72	2481	1
72	2553	0
72	2608	1
72	2666	0
72	2810	2
72	2978	0
72	379	1
72	2073	1
72	2417	2
72	799	2
73	1169	1
73	1267	0
73	1645	1
73	2976	1
73	2616	1
73	337	1
73	2208	1
73	524	1
73	1452	0
73	332	1
74	79	0
74	89	1
74	790	1
74	1067	1
74	1917	1
74	2186	1
74	204	1
74	675	2
74	2330	2
75	188	2
75	366	1
75	460	1
75	2436	0
75	2620	1
75	1526	2
75	224	2
75	96	0
75	2371	1
75	1361	2
75	2732	2
76	122	1
76	338	1
76	891	1
76	1176	1
76	1297	1
76	1499	1
76	2107	1
76	1876	1
76	353	0
76	1105	1
76	1849	1
77	1163	2
77	2198	2
77	2480	1
77	2695	0
77	1937	0
77	2647	1
77	594	1
77	1726	1
77	209	0
77	2149	1
77	816	2
78	1377	2
78	1567	0
78	1705	1
78	1797	2
78	2542	1
78	2749	2
78	2481	2
78	200	2
78	422	2
78	1535	2
79	1992	1
79	526	2
79	764	2
79	1153	2
79	1709	1
79	501	2
79	144	2
79	619	1
79	2142	1
79	1397	1
80	922	1
80	2291	1
80	2839	2
80	196	0
80	2707	2
80	315	1
80	1320	1
80	954	2
80	1873	2
81	900	2
81	1635	2
81	579	1
81	2679	2
81	2065	1
81	2124	2
81	2092	0
81	1401	1
81	114	2
81	1742	2
82	433	1
82	1047	1
82	706	1
82	1393	2
82	2187	2
82	341	1
82	1717	2
83	1132	2
83	1306	2
83	1475	1
83	1572	2
83	2001	2
83	2182	1
83	2704	2
83	2270	2
84	937	1
84	1939	1
84	2938	1
84	709	1
84	418	1
84	439	1
84	536	1
84	210	1
84	663	1
85	666	1
85	1507	1
85	1667	1
85	2359	1
85	1650	2
85	762	1
85	2182	1
86	254	2
86	670	2
86	1585	1
86	1697	2
86	2084	2
86	2146	2
86	153	2
86	590	0
86	530	0
86	1918	1
87	774	2
87	1033	1
87	1060	2
87	1378	2
87	2306	0
87	1346	2
87	518	1
87	2128	2
87	435	2
87	1959	2
88	353	1
88	1577	2
88	280	0
88	589	1
88	1811	0
88	2298	0
88	2544	1
88	2691	2
89	959	1
89	1471	1
89	2967	1
89	2538	1
89	2135	1
89	899	2
89	2511	1
89	1258	2
89	1110	1
90	452	1
90	852	2
90	2450	2
90	2721	2
90	2838	2
90	666	1
90	2215	1
90	541	0
90	2561	2
91	1616	1
91	2270	1
91	2366	2
91	2470	2
91	2815	2
91	1171	1
91	1061	2
91	1221	1
91	1952	2
92	651	1
92	1481	2
92	2433	1
92	2649	1
92	2661	2
92	1041	2
92	1773	2
92	2120	2
93	367	1
93	2400	2
93	1282	2
93	519	2
93	1944	1
93	251	1
93	2555	2
93	2611	2
94	913	1
94	1068	2
94	1980	1
94	2657	2
94	937	0
94	1391	0
94	1943	1
95	2173	1
95	2557	0
95	776	1
95	2051	2
95	2265	1
95	1193	1
95	1756	2
95	1704	2
96	831	2
96	2355	2
96	2356	1
96	2423	2
96	1727	1
96	784	1
96	1980	1
96	1809	2
97	764	1
97	952	2
97	1167	1
97	1178	1
97	199	1
97	927	2
97	2295	2
97	1768	1
97	1584	1
98	1393	2
98	2150	1
98	1382	2
98	1754	2
98	122	2
98	2599	2
98	1989	2
98	1570	0
99	877	1
99	1791	0
99	1896	1
99	1936	2
99	2805	2
99	2222	1
99	2683	2
100	1174	2
100	179	2
100	334	1
100	355	1
100	1696	1
100	1230	1
100	170	2
100	1498	1
100	1820	1
101	555	1
101	2353	2
101	1286	1
101	1904	2
101	1843	2
101	1482	1
101	1108	1
101	1451	1
102	1043	1
102	1804	1
102	2117	1
102	1772	1
102	434	1
102	1712	1
102	1280	1
103	1410	1
103	1498	0
103	1866	1
103	2386	1
103	2409	1
103	2479	2
104	248	1
104	574	1
104	1493	1
104	2627	1
104	2278	1
104	2009	1
104	2189	1
105	735	0
105	1158	2
105	1440	2
105	192	0
105	2319	2
105	1988	2
105	2174	1
105	656	0
106	2169	1
106	2962	1
106	1794	1
106	1364	1
106	1353	2
106	2536	1
106	497	2
106	2350	2
107	409	1
107	517	2
107	1667	1
107	1103	0
107	597	1
107	508	1
107	2323	0
108	933	1
108	856	1
108	734	0
108	520	2
108	479	1
108	1698	2
108	2727	2
109	691	1
109	910	0
109	1833	1
109	615	2
109	1160	1
109	1201	2
109	2321	1
109	1123	2
110	358	1
110	721	0
110	982	2
110	1340	0
110	1922	1
110	859	2
110	554	2
110	1415	1
111	954	0
111	1027	1
111	2250	1
111	407	1
111	1267	1
111	286	1
111	1593	1
112	579	2
112	2056	2
112	2293	2
112	2756	1
112	787	2
112	308	1
112	1733	1
112	1260	1
113	514	1
113	1918	1
113	2108	1
113	339	2
113	1387	2
113	1741	1
113	378	1
113	180	1
114	1467	2
114	1937	2
114	2923	2
114	1854	2
114	2409	1
115	2376	1
115	1456	1
115	441	1
115	1220	1
115	1942	1
115	1525	2
115	275	1
115	382	1
116	706	1
116	1090	2
116	1356	1
116	1652	1
116	2100	0
116	406	1
116	415	1
116	1782	2
117	1683	2
117	990	2
117	2697	0
117	1434	1
117	1558	2
117	2071	2
117	123	1
118	1046	2
118	1964	2
118	2904	1
118	1724	2
118	788	1
118	2523	2
119	1173	1
119	898	1
119	1291	1
119	2410	1
119	1563	2
119	1324	2
120	963	1
120	1171	1
120	2036	1
120	2638	1
120	1448	1
120	2196	1
121	387	2
121	489	0
121	665	1
121	1101	2
121	1461	2
121	2600	1
121	2706	1
122	1334	2
122	2541	2
122	965	2
122	1630	1
122	2469	1
122	149	0
123	765	1
123	2445	1
123	2767	1
123	2711	1
123	340	2
123	479	1
124	1265	2
124	2422	0
124	2444	2
124	2646	0
124	1365	1
124	287	2
125	2313	1
125	279	1
125	658	1
125	1063	2
125	1576	2
125	1340	2
125	1881	2
126	2339	1
126	2145	1
126	273	2
126	2019	1
126	1906	1
126	610	2
126	821	2
127	914	0
127	1582	1
127	2240	2
127	161	1
127	1076	1
127	2582	0
127	573	1
128	822	0
128	2583	1
128	1106	1
128	868	1
128	1394	1
128	2347	2
128	1507	1
129	513	2
129	1310	1
129	623	2
129	1917	1
129	909	1
129	2052	2
130	1501	1
130	798	1
130	406	2
130	2527	2
130	2387	0
130	2399	1
130	425	0
131	2253	2
131	2057	2
131	2458	1
131	712	1
131	939	2
131	1450	1
132	1089	1
132	1325	2
132	1568	2
132	1908	2
132	164	1
132	1371	2
132	1474	2
133	2083	1
133	2420	2
133	2455	2
133	159	1
133	1613	1
133	2144	1
133	2277	1
134	589	1
134	1482	1
134	2656	0
134	267	1
134	2515	2
134	557	1
134	2630	2
135	914	1
135	2572	1
135	256	1
135	2671	1
135	546	1
135	226	1
135	2299	1
136	296	2
136	1259	1
136	1358	2
136	2279	2
136	1055	2
136	155	2
137	1899	1
137	2251	1
137	450	1
137	1793	1
137	1882	1
137	1730	1
138	2280	2
138	2669	2
138	1913	2
138	579	2
138	648	1
138	2199	2
138	1903	2
139	638	2
139	698	1
139	1850	2
139	1944	1
139	2583	2
139	2615	1
140	1639	2
140	1898	2
140	2832	0
140	563	2
140	751	2
140	1626	0
141	826	2
141	2636	1
141	544	2
141	574	2
141	2104	2
142	572	2
142	1914	1
142	2516	1
142	477	2
142	632	1
143	829	1
143	2066	2
143	2229	1
143	1852	1
143	1098	0
144	940	2
144	2176	1
145	695	2
145	732	1
145	1929	2
145	2455	2
145	2062	2
145	510	2
146	683	0
146	1384	1
146	2534	1
146	861	2
146	2501	1
147	1731	2
147	2643	0
147	2828	1
147	1381	2
147	2676	1
148	1588	2
148	1552	2
148	1934	2
148	2592	2
148	1402	0
148	1299	2
149	2644	1
149	2862	2
149	3003	2
149	235	2
149	2230	2
150	1688	2
150	2110	2
150	458	2
150	1540	1
150	308	2
150	1541	1
151	396	1
151	1016	2
151	2264	2
151	465	1
151	1388	1
151	817	1
152	1767	2
152	2734	2
153	2708	1
153	2557	1
153	1091	1
153	1605	1
154	1413	2
154	1657	2
154	1025	2
154	1690	2
155	566	0
155	1454	2
155	1848	2
155	386	0
156	1204	2
156	1981	1
156	2191	2
156	2016	2
156	2733	0
156	1985	0
157	1607	2
157	2185	1
157	2301	1
157	2792	2
157	2213	2
157	212	2
158	541	2
158	2652	2
158	297	1
158	1247	1
159	1839	1
159	634	1
159	190	1
159	1666	1
160	2365	2
160	2183	1
160	376	2
160	1229	1
160	2247	1
161	1192	1
161	1757	1
161	2244	0
161	1165	1
161	277	0
162	299	2
162	1705	1
162	1538	1
162	864	2
163	493	2
163	3033	1
163	351	1
163	2635	1
164	808	1
164	1062	1
164	1388	1
164	2073	1
165	593	1
165	1983	1
165	2224	1
165	730	0
165	2340	2
165	2662	1
166	864	2
166	1200	2
166	2464	1
166	2966	1
166	459	2
167	760	1
167	2315	2
167	2387	1
167	2410	1
168	1687	1
168	633	2
168	753	2
169	1855	2
169	2529	1
169	2243	2
169	1857	0
169	1770	1
170	1233	2
170	2694	2
170	2015	2
170	2056	2
171	1672	1
171	1184	1
171	1414	1
171	1853	2
171	758	1
172	271	2
172	2088	0
172	2420	2
172	2578	0
172	1298	1
173	707	2
173	1484	2
173	1928	2
173	2466	1
173	714	2
174	879	1
174	1148	2
174	1677	1
174	1764	1
175	2640	2
175	2699	1
175	2658	2
175	1970	2
176	1707	1
176	1419	2
176	1855	2
176	1204	2
177	2030	1
177	1517	2
178	1325	0
178	595	1
178	918	1
179	1333	1
179	2556	1
179	2667	1
180	685	1
180	1260	0
180	1780	1
180	433	0
181	1600	1
181	2625	1
181	2169	2
181	752	1
181	1536	1
182	1189	2
182	676	1
182	1242	1
182	1151	1
182	569	2
183	1229	1
183	1469	1
183	2999	1
183	641	1
184	2640	2
184	1148	1
184	2210	2
184	1908	2
184	2383	1
185	1513	2
185	1647	1
185	2218	2
185	1624	2
185	2308	2
186	2071	1
186	2204	1
186	2254	1
186	1662	1
186	2474	1
187	1177	2
187	1509	1
187	1571	1
187	2560	2
187	2214	1
188	756	2
188	1798	2
188	959	1
188	328	0
189	1206	1
189	381	2
189	1072	2
190	2160	1
190	244	1
190	370	1
190	1440	1
191	2564	1
191	240	2
191	824	1
191	1478	2
191	1046	2
192	1154	2
192	2200	2
192	2743	1
192	2535	2
193	714	2
193	2351	1
193	2696	2
193	1078	0
194	393	0
194	791	0
194	833	0
194	2149	1
195	1745	2
195	2538	1
195	2872	1
195	1317	2
195	2197	2
196	1197	2
196	1544	1
196	2320	2
196	2661	1
197	2242	2
197	1879	2
197	2460	2
197	652	2
197	2044	0
198	2285	2
198	576	2
198	2450	1
198	2014	1
198	323	1
199	1375	1
199	1783	0
199	2302	2
200	216	2
200	1041	2
200	1201	1
201	351	2
201	2344	2
201	1006	2
201	2472	1
202	2239	2
202	2378	2
202	213	1
202	1962	2
202	2426	2
203	1878	1
203	2288	1
203	2261	2
203	2442	2
204	2314	0
204	1357	2
204	2451	0
204	2434	1
205	1843	1
205	2115	1
205	353	1
205	2613	1
206	1963	1
206	1548	0
206	2203	1
206	2331	1
206	2491	1
207	2724	1
207	1161	2
207	2708	1
207	1177	2
207	2119	1
208	1947	1
208	484	1
208	728	2
208	1692	1
208	1198	1
209	1685	2
209	420	0
210	535	2
210	807	2
211	453	1
211	2054	2
211	2136	2
212	1821	1
212	2338	2
212	876	2
213	1097	0
213	1647	1
214	1015	0
214	1749	2
214	830	1
214	643	2
215	295	1
215	2391	1
216	2126	2
216	2170	2
216	284	2
216	1473	2
217	1973	1
217	1586	1
217	916	2
217	1877	2
218	2234	2
218	653	1
218	1919	2
218	1732	1
219	1555	0
219	1352	2
219	2352	2
220	2840	0
220	319	2
220	235	2
221	946	2
221	852	1
221	1597	2
221	2488	2
222	3035	1
222	2253	2
222	2603	1
223	889	1
223	390	1
223	1374	2
223	2129	1
224	1180	0
224	1807	2
225	1837	0
225	1082	2
225	1272	1
225	789	2
226	857	2
226	1665	1
227	1696	1
227	718	2
227	334	2
228	1776	1
228	2531	2
228	1369	0
229	2158	1
229	1475	1
229	2123	1
230	1864	1
230	2335	2
230	2700	1
230	862	1
231	2683	2
231	849	2
231	381	1
232	1088	2
232	669	1
233	1210	2
233	1991	0
233	2155	2
234	2897	1
234	646	1
234	981	1
235	1243	2
235	2569	2
236	2463	2
236	2050	2
237	1367	2
237	2440	1
237	603	2
237	285	0
238	1997	0
238	2351	1
238	1284	0
238	468	1
239	251	2
239	501	0
239	325	0
239	1433	2
240	795	2
240	1988	2
241	737	1
241	1470	1
242	2701	1
242	1017	0
242	928	1
242	503	1
243	2787	2
243	770	0
243	1495	2
243	2400	0
244	2555	1
244	741	2
244	1755	2
245	1834	2
245	1761	1
245	933	1
246	2785	2
246	2524	1
246	1142	1
246	504	0
247	1421	0
247	815	1
247	2678	2
248	842	1
248	2000	1
249	2918	1
249	1019	1
249	768	1
249	2657	1
250	2095	2
250	2561	2
250	568	1
250	975	2
251	885	1
251	543	2
251	578	0
252	642	0
252	1341	2
252	2414	1
253	1821	1
253	2338	1
253	271	1
253	1740	0
254	1280	0
254	934	2
254	2205	1
255	1112	1
255	2202	2
255	1766	1
255	417	2
256	1203	1
257	2639	0
257	1910	0
257	687	2
257	744	1
258	1628	1
258	488	0
258	1023	1
259	325	1
259	301	1
259	2131	1
259	2454	0
260	2101	2
260	2685	2
260	2799	0
261	1768	1
261	1943	1
262	469	2
262	354	1
262	503	2
263	303	2
263	1376	1
263	2263	2
264	1018	0
264	1147	0
264	1587	1
264	2554	1
265	893	2
265	1076	1
265	1713	1
265	1921	1
266	2882	0
266	1197	1
266	341	1
267	457	0
267	1095	1
267	2220	1
268	531	1
268	593	2
268	796	1
268	2521	2
269	2559	1
269	2235	1
269	1984	1
269	391	2
270	1052	2
270	1537	1
270	1426	2
270	701	2
271	1737	1
271	1283	0
271	1269	1
272	684	2
272	1202	1
272	1948	1
273	1721	1
273	472	1
273	325	1
274	2063	1
274	1424	1
274	808	1
276	826	2
276	901	0
277	2426	1
277	381	1
278	861	2
278	2358	2
278	1901	1
279	483	2
280	1819	2
280	1404	1
281	330	1
282	688	1
282	371	1
283	2038	0
283	1637	1
285	809	1
285	2032	1
286	461	1
287	1984	2
288	2120	0
288	2666	0
289	2118	2
289	2790	2
289	505	0
290	1491	0
290	2159	2
290	364	2
291	2656	0
291	1987	0
293	2132	1
293	2389	1
293	665	0
294	1691	1
294	1954	2
295	1007	1
295	1354	1
296	1733	1
296	2178	0
297	2934	1
297	2956	1
298	1813	2
298	2588	1
298	2366	2
299	2609	2
299	1995	1
299	1036	1
300	824	1
300	859	2
300	1676	1
301	1278	1
301	1990	2
302	594	1
302	2623	1
302	1466	1
303	1769	2
304	2591	1
304	1438	1
305	1145	1
305	649	2
306	2224	1
306	2106	2
307	1962	2
307	736	1
308	374	1
309	1417	2
309	2682	2
309	2519	2
310	946	2
310	874	2
311	1511	1
311	604	1
311	1209	1
312	1932	0
312	1623	2
312	1670	0
313	806	2
313	1368	2
314	1941	2
314	682	2
314	1817	1
315	1236	2
316	2283	1
316	1689	1
317	1915	2
318	1939	2
318	1126	1
319	1539	2
319	2501	1
320	456	2
320	1752	1
321	1623	2
321	1802	2
321	1805	2
322	375	1
322	386	2
323	2130	2
323	1838	1
324	2634	1
324	713	2
326	2514	2
326	394	0
327	968	1
327	2329	1
328	549	2
329	2682	0
329	1765	1
329	1458	2
330	2244	1
330	1883	1
331	841	2
331	696	2
331	1514	2
332	1056	1
332	1437	2
333	1972	1
333	2525	1
335	1268	1
335	987	0
335	1052	2
336	716	2
336	1032	2
336	2628	2
337	1468	1
337	1710	0
338	846	2
338	2297	2
339	1829	2
340	1447	2
340	2303	2
341	2494	2
342	439	1
342	2352	2
343	1436	2
343	938	0
343	1016	0
344	1633	2
344	1818	1
345	1883	2
345	2287	1
345	1060	0
346	2988	0
346	1523	1
346	1399	0
347	1442	2
347	1973	1
347	1139	2
348	2333	2
348	820	2
348	832	1
349	506	0
349	2719	1
350	1537	1
350	1833	1
351	1562	1
351	352	2
352	2456	2
352	1039	2
355	1254	1
355	1292	1
356	1720	2
356	1773	0
356	1892	0
357	815	2
357	1957	2
358	509	2
358	2553	2
359	644	1
359	2326	1
360	1392	2
360	555	1
360	1894	1
361	2360	2
361	913	2
361	1301	2
362	2356	1
362	1547	2
362	2291	1
363	895	2
363	2190	2
363	2296	2
364	1370	1
364	1846	1
365	1476	1
365	748	2
365	2343	2
366	1476	0
366	1715	1
367	2186	1
367	2615	0
367	992	1
368	976	1
369	1336	2
369	943	2
369	2384	2
370	1094	2
371	968	2
371	1441	1
372	2579	2
372	775	1
372	2083	1
373	1860	1
373	2490	1
374	696	1
374	2624	0
375	2010	2
375	462	2
376	2233	2
377	2341	2
377	1416	1
378	887	1
378	2508	1
379	2200	1
380	2368	0
380	951	0
380	2022	2
383	1718	1
384	2462	1
384	2522	1
384	2703	1
385	2524	1
385	1564	2
385	1238	1
386	1868	1
387	2271	0
387	761	0
387	1316	1
388	839	0
388	2325	2
388	1891	1
389	441	1
389	1077	1
389	2580	1
390	690	0
393	1188	1
393	2607	2
395	2474	2
395	3018	2
396	1961	1
397	2689	2
397	1837	2
398	1465	2
398	2459	1
399	2673	1
400	2227	1
400	467	1
401	2376	2
402	1190	0
403	2774	2
404	1289	1
407	752	2
409	1323	1
409	2414	0
411	1146	0
412	955	2
413	1050	1
413	2307	2
414	1214	1
415	2041	1
416	2188	2
417	2168	1
418	2652	1
419	2079	1
420	917	1
421	1830	1
421	810	1
423	672	2
423	2036	2
424	1326	0
424	3036	1
426	2118	0
426	797	1
427	1554	1
427	995	1
428	526	0
429	1493	1
430	2226	1
430	2627	0
431	2364	0
431	607	1
432	2049	0
432	603	2
433	888	1
434	1755	2
435	989	2
437	2407	2
437	2017	0
438	1143	1
438	1629	2
440	2151	1
441	2468	2
442	1759	1
442	1711	2
444	1207	2
444	1136	1
445	1546	1
445	2507	1
446	2539	2
447	595	2
447	1167	2
448	2139	0
448	1152	1
449	1127	1
449	1887	0
450	1671	2
451	853	1
451	1416	1
452	723	1
452	561	1
453	2214	1
454	1360	1
454	2568	1
455	1302	2
455	2028	2
456	2324	2
456	1703	1
457	936	0
458	2654	2
459	1236	1
460	2047	1
460	2495	1
461	2539	2
462	2808	1
463	1175	2
464	643	1
464	647	2
465	2209	2
466	1318	1
467	1030	1
468	2097	0
469	1240	2
470	1976	1
470	534	2
471	2317	1
471	1326	1
473	1226	1
474	1580	1
474	691	1
475	1239	0
475	2653	1
476	1590	2
476	2245	2
477	1468	2
480	684	2
480	1034	1
481	1380	2
481	621	2
482	1560	2
482	1222	1
484	713	1
485	2258	1
485	2588	2
486	2457	0
486	1465	1
487	2932	1
487	2059	1
489	1885	1
489	1716	0
490	2276	2
491	2219	2
492	1024	1
492	681	1
493	1916	2
494	1384	1
495	1612	1
495	902	1
496	2086	1
497	2644	1
498	500	1
498	2264	2
499	1064	1
499	1989	0
500	1319	0
501	661	0
504	2306	1
506	1312	2
508	641	1
511	2413	1
512	881	1
512	1616	0
513	1620	2
513	1069	2
515	749	0
516	2520	1
517	2973	1
518	1814	2
519	2705	1
521	2093	2
521	2318	2
522	1709	1
522	1948	1
525	2346	0
525	617	2
526	1038	1
527	1614	0
528	777	0
528	867	0
532	773	1
533	1121	1
534	605	2
536	1660	0
537	1999	1
537	2102	2
538	905	2
539	1599	0
540	1072	2
540	1285	1
542	1486	2
544	2503	2
545	750	2
545	2223	2
547	2655	0
547	2537	1
548	2945	1
548	727	2
549	601	2
549	949	1
551	1605	1
551	2464	1
552	1313	1
552	635	1
553	2326	2
553	1804	2
556	2660	2
557	1889	1
558	2624	1
558	1746	2
559	561	2
559	2328	2
560	2581	2
560	1878	0
562	2562	0
562	2614	1
563	1559	2
564	2069	2
564	2547	2
565	2440	2
566	1216	1
567	1182	1
567	1935	2
568	1800	1
569	1928	2
570	2382	1
571	2259	2
571	1366	0
572	667	2
572	1870	0
573	2081	1
575	925	1
575	2257	0
576	2246	1
577	945	1
580	800	2
580	1882	1
581	842	2
581	673	2
582	2369	0
582	2550	0
583	1955	2
583	1270	2
584	907	2
584	2286	1
585	1496	1
585	1104	1
586	845	0
586	1380	0
587	1459	0
587	2602	2
588	1003	1
588	1575	1
589	1282	0
591	1232	2
591	2189	2
592	1885	0
592	2375	1
593	1976	2
596	2714	2
596	1446	2
597	1362	1
598	2722	1
598	2336	1
600	1372	1
600	2517	2
601	1880	1
601	2694	1
602	2049	1
602	1154	2
604	2164	1
606	1505	0
606	1122	2
607	2023	1
608	2631	1
608	1931	1
609	2720	1
609	1764	2
611	1011	1
611	1311	2
612	2552	0
612	2558	2
613	702	2
614	2125	1
614	2473	1
615	1603	1
616	2292	1
616	2598	2
617	633	2
618	2313	0
619	1812	2
620	1533	2
620	629	1
621	883	1
622	687	2
622	1125	2
623	1867	2
624	2062	2
625	2181	1
625	1179	2
626	2098	2
626	2606	1
627	655	2
627	860	2
628	2412	2
629	2026	1
631	1492	2
631	1467	2
632	668	1
634	994	1
635	1532	1
636	1785	1
636	1383	2
637	866	0
637	740	2
638	1510	2
638	2680	1
639	957	1
639	1454	2
644	1763	2
645	2598	0
654	912	2
660	2108	0
664	2601	2
670	1951	1
671	1841	1
674	1715	1
683	692	1
693	1028	1
695	1639	1
697	2726	1
698	2096	1
699	995	2
703	1001	1
704	2027	2
710	1217	2
717	3017	2
720	2593	1
722	2090	2
725	2045	1
729	1251	2
731	865	0
732	1738	1
737	1556	2
739	2006	2
743	2121	1
745	1107	1
747	1582	1
750	1057	2
760	2852	2
765	2468	1
767	1753	1
773	2025	1
778	1111	1
781	2812	1
783	1877	2
794	2618	2
800	2282	1
803	1676	1
804	2157	2
805	897	1
811	1000	2
812	2388	1
818	1762	1
819	2202	1
827	1801	2
831	1863	2
833	1580	1
834	1233	2
836	2040	2
837	1462	1
844	1982	2
845	1277	1
847	2712	1
848	2048	2
850	1222	2
851	2211	1
855	1953	0
869	1797	1
870	969	2
873	1155	1
875	2380	2
877	1123	1
882	1265	1
892	1974	1
894	1137	2
896	2566	0
908	1876	1
911	1490	2
920	1640	2
924	927	2
926	2634	1
929	2153	1
930	2342	2
931	1090	2
935	1241	1
940	1315	1
942	1477	0
947	1232	2
948	1242	0
949	1921	2
950	2562	2
952	1206	1
958	1485	1
966	1893	1
972	2042	1
973	2642	1
980	2439	1
982	1062	1
983	986	1
985	2289	0
993	1608	1
997	1395	1
999	1896	0
1000	2693	1
1003	1592	1
1005	1781	1
1008	1457	2
1022	2470	2
1024	1538	1
1027	2534	1
1033	1925	1
1035	2986	1
1047	2386	1
1050	1986	1
1053	1472	1
1058	1920	1
1064	1629	2
1073	1799	1
1074	2702	2
1075	1963	2
1079	2742	1
1080	2887	0
1083	1603	2
1084	1168	2
1086	2936	1
1087	1831	1
1089	2405	1
1092	1262	2
1093	2619	1
1097	2341	1
1099	2282	0
1101	1960	2
1102	1239	1
1107	1407	2
1109	1508	1
1113	1638	1
1115	2620	2
1117	2670	2
1118	1191	1
1119	2375	2
1128	2529	2
1129	1402	0
1131	1782	1
1134	2405	1
1135	1905	1
1149	2269	1
1157	2043	2
1158	2713	2
1159	1982	1
1176	2930	2
1185	2398	2
1187	1828	2
1191	1941	2
1205	2114	2
1210	2949	0
1212	1276	1
1213	2958	1
1224	2022	2
1225	1567	2
1227	2280	1
1244	2359	2
1246	2709	1
1248	2831	1
1253	2318	1
1273	2171	2
1274	1735	1
1287	2256	1
1288	1864	0
1290	1740	2
1294	2013	1
1305	2369	1
1307	2776	0
1308	2039	1
1319	1968	2
1322	1926	1
1327	2914	1
1328	1927	2
1329	2941	1
1330	1557	1
1331	2339	1
1332	1659	1
1339	1749	1
1343	1679	1
1349	1983	1
1355	2775	2
1367	2336	2
1373	2177	0
1375	2548	1
1378	3002	2
1389	2406	1
1390	2416	1
1396	1510	2
1406	2184	1
1410	2363	1
1411	2289	2
1412	3029	0
1427	2825	2
1430	1780	1
1435	1578	1
1449	2465	2
1459	2009	1
1460	2818	2
1463	2924	1
1464	1569	2
1469	1946	1
1481	2190	2
1483	1558	2
1494	1720	1
1499	1689	1
1504	2612	1
1511	2807	1
1515	2020	1
1520	2942	2
1521	1786	2
1528	1922	1
1539	1717	0
1543	1902	1
1549	2219	1
1550	1722	0
1565	2642	2
1566	2316	1
1568	3027	2
1574	2544	1
1579	1801	1
1583	2848	1
1598	1643	1
1622	1926	1
1625	1825	2
1627	2249	0
1631	2803	1
1632	2746	1
1636	1699	2
1649	1795	1
1651	2475	1
1663	1958	1
1671	2584	1
1675	2496	1
1679	2499	1
1680	2486	1
1688	2602	0
1694	1723	2
1695	2346	1
1701	2722	1
1702	1758	2
1706	1819	2
1713	2580	1
1719	1919	0
1721	1869	1
1728	2145	1
1743	2388	2
1748	2521	0
1774	2761	1
1777	1865	1
1779	2826	2
1790	2312	2
1791	2880	2
1798	2110	1
1808	1978	0
1810	2365	1
1815	2533	0
1832	2394	1
1835	2238	1
1836	2396	2
1839	2475	1
1842	2664	2
1847	1999	1
1850	2389	1
1851	2430	1
1856	2140	1
1859	2192	1
1872	2794	0
1874	2989	1
1886	2080	2
1888	2403	0
1898	2085	1
1899	2781	2
1900	2587	2
1905	2990	2
1909	2806	2
1912	2482	1
1929	2408	1
1933	2508	1
1938	2687	1
1940	2034	1
1946	2248	1
1950	2987	1
1964	2688	2
1965	2156	2
1974	2269	1
1977	2277	2
1979	2075	1
2005	2027	0
2021	2372	1
2031	2879	2
2033	2983	1
2068	2122	1
2072	2628	2
2077	2651	1
2082	2911	1
2091	2672	1
2096	2684	0
2111	2540	2
2112	2542	1
2114	3026	1
2115	2769	1
2116	2596	2
2122	2173	1
2147	2909	2
2150	2337	1
2161	2985	2
2162	2725	1
2165	2435	2
2171	2201	2
2172	2608	1
2179	2540	2
2195	2212	2
2207	2846	2
2211	3024	2
2216	2849	2
2228	2605	2
2239	2431	1
2242	2668	1
2250	2385	2
2251	2447	1
2256	2926	2
2260	2315	1
2272	2446	1
2274	2885	0
2284	2496	1
2290	2691	2
2311	3010	2
2329	2916	1
2333	2737	0
2334	2509	2
2355	2430	2
2357	2552	2
2361	2547	2
2362	2565	1
2364	2667	1
2367	2506	2
2373	2821	2
2393	2453	1
2401	2752	1
2416	3006	2
2435	2518	0
2437	2797	2
2439	3016	1
2447	2685	2
2448	2755	0
2457	2621	1
2471	2841	2
2486	2915	1
2498	2654	1
2504	2730	1
2514	2913	0
2546	2623	1
2571	2643	1
2574	3020	2
2650	2795	1
